-0.21033,-0.23870,-0.98644
-0.32624,0.71975,0.61280,-0.59217,-0.66092,0.46100
-0.13540,-0.34461,-0.91481
-0.33048,0.68757,0.64656,-0.61230,-0.67751,0.40751
-0.11552,-0.27999,-1.05508
-0.32226,0.68598,0.65236,-0.61902,-0.67408,0.40303
-0.08100,-0.16686,-0.97035
-0.27471,0.72245,0.63451,-0.65749,-0.62265,0.42429
-0.16217,-0.22124,-0.89682
-0.26920,0.73849,0.61820,-0.66683,-0.60606,0.43361
-0.19568,-0.32324,-0.84275
-0.29201,0.71554,0.63461,-0.64336,-0.63793,0.42324
-0.15438,-0.29409,-0.92164
-0.31022,0.71410,0.62755,-0.62671,-0.64999,0.42983
-0.10626,-0.24990,-0.95768
-0.27753,0.72868,0.62610,-0.65498,-0.62028,0.43158
-0.13781,-0.39755,-0.88899
-0.31328,0.69127,0.65116,-0.62217,-0.66742,0.40920
-0.16603,-0.36014,-0.91579
-0.34002,0.67634,0.65341,-0.59870,-0.69150,0.40421
-0.13979,-0.32129,-0.93527
-0.33052,0.68410,0.65020,-0.59912,-0.68439,0.41552
-0.10867,-0.31353,-0.93965
-0.31070,0.69615,0.64718,-0.62404,-0.66298,0.41355
-0.14270,-0.32615,-0.92699
-0.31571,0.69028,0.65102,-0.61845,-0.67005,0.41055
-0.18114,-0.28727,-0.99178
-0.31484,0.68854,0.65329,-0.61803,-0.67110,0.40946
-0.16072,-0.30281,-1.01759
-0.30964,0.68983,0.65441,-0.62085,-0.66795,0.41035
-0.13640,-0.30768,-0.97667
-0.30585,0.68715,0.65900,-0.62747,-0.66606,0.40330
-0.13203,-0.26301,-0.94405
-0.29809,0.71314,0.63449,-0.63150,-0.64578,0.42915
-0.10578,-0.19988,-0.94844
-0.26787,0.73732,0.62017,-0.66016,-0.60930,0.43925
-0.09506,-0.28731,-0.92261
-0.26880,0.72074,0.63897,-0.67259,-0.61531,0.41111
-0.10867,-0.29896,-0.92261
-0.28078,0.71383,0.64157,-0.65900,-0.62937,0.41185
-0.08921,-0.32228,-0.91140
-0.29229,0.69406,0.65791,-0.64543,-0.65081,0.39983
-0.12227,-0.31596,-0.88511
-0.30063,0.69361,0.65462,-0.63485,-0.65775,0.40538
-0.14805,-0.31012,-0.90606
-0.31452,0.70094,0.64013,-0.62871,-0.65906,0.41276
-0.11646,-0.28244,-0.94794
-0.30073,0.71264,0.63380,-0.63921,-0.64382,0.42061
-0.11938,-0.28535,-0.95086
-0.28967,0.71161,0.64008,-0.64103,-0.64085,0.42236
-0.14757,-0.31837,-0.93235
-0.30418,0.70814,0.63719,-0.62843,-0.65186,0.42444
-0.18210,-0.30865,-0.96012
-0.31427,0.70170,0.63942,-0.61177,-0.66473,0.42879
-0.16217,-0.32516,-1.00054
-0.31367,0.69709,0.64473,-0.61337,-0.66708,0.42284
-0.12620,-0.31399,-1.02196
-0.30915,0.69573,0.64837,-0.61958,-0.66457,0.41770
-0.12525,-0.26493,-1.06385
-0.30341,0.69763,0.64904,-0.62855,-0.65847,0.41394
-0.15734,-0.26104,-1.06678
-0.29963,0.69872,0.64963,-0.63178,-0.65553,0.41368
-0.19671,-0.31300,-1.02539
-0.30225,0.69424,0.65320,-0.62943,-0.65997,0.41019
-0.20643,-0.31397,-1.02295
-0.30688,0.69288,0.65248,-0.62825,-0.66245,0.40799
-0.20302,-0.32612,-1.01029
-0.31061,0.69056,0.65318,-0.62643,-0.66555,0.40575
-0.13444,-0.33488,-0.96644
-0.31376,0.69001,0.65225,-0.62974,-0.66534,0.40094
-0.07366,-0.31888,-0.92552
-0.30404,0.69613,0.65035,-0.65146,-0.65003,0.39123
-0.06198,-0.31063,-0.88655
-0.29433,0.68562,0.66580,-0.65721,-0.65100,0.37985
-0.07606,-0.35386,-0.84807
-0.30064,0.67597,0.67282,-0.65386,-0.65965,0.37058
-0.09551,-0.36842,-0.87437
-0.31476,0.67662,0.66567,-0.64561,-0.66671,0.37240
-0.05227,-0.33345,-0.96934
-0.29726,0.67526,0.67503,-0.64017,-0.66549,0.38380
-0.02991,-0.25721,-0.95328
-0.26711,0.69525,0.66729,-0.67709,-0.62812,0.38341
-0.02312,-0.17951,-0.91335
-0.23127,0.71298,0.66195,-0.70243,-0.59313,0.39344
-0.06393,-0.26644,-0.87098
-0.23266,0.71250,0.66198,-0.69846,-0.59606,0.39607
-0.10574,-0.29800,-0.85637
-0.24493,0.70605,0.66446,-0.68511,-0.61097,0.39667
-0.09602,-0.27954,-0.87780
-0.25392,0.70343,0.66386,-0.67529,-0.62031,0.39899
-0.05129,-0.28732,-0.90604
-0.25437,0.70755,0.65930,-0.67759,-0.61681,0.40052
-0.03087,-0.29218,-0.91236
-0.24932,0.71018,0.65840,-0.68600,-0.60939,0.39755
-0.01480,-0.33250,-0.86316
-0.25075,0.69540,0.67345,-0.68282,-0.62019,0.38617
-0.04108,-0.31063,-0.91577
-0.25604,0.69517,0.67170,-0.68089,-0.62293,0.38515
-0.07367,-0.30381,-0.97227
-0.25859,0.69818,0.66759,-0.68533,-0.61964,0.38257
-0.07902,-0.30478,-0.98396
-0.25763,0.69982,0.66624,-0.68032,-0.62101,0.38924
-0.09944,-0.32615,-0.97861
-0.26352,0.69670,0.66721,-0.67046,-0.62956,0.39259
-0.10480,-0.27903,-1.00053
-0.26437,0.70003,0.66337,-0.67360,-0.62629,0.39245
-0.09019,-0.31936,-0.94695
-0.27372,0.70808,0.65093,-0.67035,-0.62576,0.39881
-0.04885,-0.32035,-0.90262
-0.27541,0.69274,0.66653,-0.66325,-0.63882,0.38988
-0.07803,-0.29460,-0.90166
-0.27691,0.69599,0.66251,-0.66236,-0.63775,0.39314
-0.11936,-0.31790,-0.91286
-0.29126,0.70605,0.64550,-0.65797,-0.63766,0.40059
-0.01919,-0.29462,-0.86512
-0.25704,0.70599,0.65993,-0.69384,-0.61016,0.38250
0.01291,-0.31502,-0.87631
-0.25360,0.69248,0.67540,-0.69914,-0.61375,0.36675
0.03041,-0.29609,-0.88897
-0.24488,0.69269,0.67839,-0.70818,-0.60568,0.36282
-0.01190,-0.31210,-0.90602
-0.23919,0.70283,0.66994,-0.71096,-0.59669,0.37215
-0.06684,-0.31840,-0.90896
-0.25750,0.70129,0.66475,-0.69257,-0.61368,0.37914
-0.08874,-0.29119,-0.92163
-0.26593,0.71427,0.64737,-0.68231,-0.61386,0.39701
-0.04741,-0.28003,-0.92844
-0.25938,0.72502,0.63802,-0.68975,-0.60147,0.40308
0.02407,-0.28539,-0.93524
-0.23684,0.72018,0.65211,-0.70896,-0.58704,0.39085
-0.01872,-0.29703,-0.95521
-0.22707,0.72189,0.65369,-0.71069,-0.58175,0.39558
-0.08096,-0.30965,-0.94062
-0.24973,0.72415,0.64284,-0.68650,-0.60060,0.40987
-0.05616,-0.28828,-0.94013
-0.25493,0.73013,0.63397,-0.69145,-0.59596,0.40832
-0.01922,-0.29217,-0.98200
-0.24464,0.72030,0.64909,-0.69545,-0.59683,0.40018
-0.02505,-0.29411,-0.99467
-0.24072,0.71643,0.65481,-0.69987,-0.59556,0.39432
-0.06638,-0.30284,-0.98201
-0.24357,0.71504,0.65528,-0.69264,-0.60117,0.39855
-0.11306,-0.29749,-0.97423
-0.25773,0.71649,0.64824,-0.68244,-0.60993,0.40282
-0.11890,-0.27175,-0.96839
-0.26413,0.72810,0.63254,-0.68187,-0.60480,0.41143
-0.03961,-0.33783,-0.92161
-0.27061,0.70881,0.65143,-0.67199,-0.62362,0.39940
-0.02161,-0.33735,-0.89092
-0.27299,0.69264,0.66763,-0.67235,-0.63372,0.38254
-0.07366,-0.30965,-0.92162
-0.27758,0.70365,0.65409,-0.67077,-0.62936,0.39239
-0.07268,-0.31985,-0.92503
-0.28200,0.70704,0.64851,-0.66565,-0.63097,0.39848
-0.02600,-0.33395,-0.93232
-0.27580,0.69712,0.66178,-0.67260,-0.63182,0.38525
-0.01725,-0.32617,-0.94303
-0.26390,0.69825,0.66544,-0.68230,-0.62278,0.38290
-0.07269,-0.32227,-0.94889
-0.26889,0.71017,0.65066,-0.67816,-0.61930,0.39569
-0.12132,-0.30381,-0.95086
-0.28121,0.71532,0.63971,-0.66213,-0.62715,0.41021
-0.12034,-0.32227,-0.93527
-0.29485,0.71596,0.63282,-0.65943,-0.63175,0.40749
-0.09797,-0.32907,-0.93234
-0.29729,0.86592,0.40224,-0.64433,-0.49285,0.58476
-0.07464,-0.31062,-0.95328
-0.28724,0.92697,0.24129,-0.65423,-0.37386,0.65743
-0.06833,-0.29944,-0.98980
-0.27497,0.94297,0.18764,-0.65951,-0.32700,0.67684
-0.07270,-0.30090,-0.98494
-0.27123,0.94808,0.16609,-0.66184,-0.30899,0.68300
-0.07027,-0.30479,-0.97032
-0.26908,0.95094,0.15265,-0.66434,-0.29802,0.68544
-0.08242,-0.31353,-0.96497
-0.27012,0.95171,0.14587,-0.66400,-0.29385,0.68757
-0.09119,-0.28729,-1.00199
-0.27020,0.95308,0.13647,-0.66543,-0.28730,0.68895
-0.08924,-0.28535,-0.99858
-0.27092,0.95336,0.13304,-0.66769,-0.28567,0.68745
-0.10235,-0.33101,-0.96205
-0.28239,0.95084,0.12714,-0.67263,-0.29076,0.68046
-0.11305,-0.32615,-0.97033
-0.28866,0.94883,0.12802,-0.67002,-0.29571,0.68090
-0.06832,-0.28634,-0.94646
-0.27893,0.95151,0.12970,-0.67372,-0.29014,0.67964
-0.05420,-0.31792,-0.88460
-0.28197,0.95038,0.13142,-0.67789,-0.29428,0.67370
-0.06975,-0.34997,-0.87535
-0.29067,0.94653,0.13995,-0.67282,-0.30619,0.67347
-0.11207,-0.32227,-0.92406
-0.30424,0.94251,0.13823,-0.66245,-0.31361,0.68030
-0.08969,-0.34170,-0.91090
-0.30730,0.94086,0.14264,-0.65415,-0.31772,0.68640
-0.10962,-0.34462,-0.89240
-0.31121,0.93763,0.15489,-0.64455,-0.32802,0.69062
-0.10767,-0.38736,-0.88558
-0.31905,0.93315,0.16566,-0.63627,-0.34045,0.69229
-0.06098,-0.41165,-0.88215
-0.32466,0.92906,0.17731,-0.63231,-0.35261,0.68982
-0.06245,-0.39513,-0.91576
-0.32034,0.92999,0.18026,-0.62983,-0.35123,0.69279
-0.07850,-0.37667,-0.92258
-0.32023,0.93071,0.17674,-0.63203,-0.34887,0.69198
-0.10574,-0.36015,-0.93623
-0.31850,0.93235,0.17109,-0.63224,-0.34342,0.69450
-0.12327,-0.28146,-0.96937
-0.30446,0.94042,0.15139,-0.63056,-0.31811,0.70795
-0.11746,-0.23581,-0.99762
-0.29253,0.94641,0.13685,-0.63273,-0.29887,0.71437
-0.11163,-0.21541,-1.00201
-0.27881,0.95205,0.12599,-0.63274,-0.28080,0.72166
-0.09803,-0.18626,-1.05120
-0.26951,0.95558,0.11929,-0.63521,-0.26951,0.72379
-0.09025,-0.19792,-1.05558
-0.26152,0.95837,0.11457,-0.63392,-0.26005,0.72837
-0.08004,-0.17461,-1.05558
-0.25262,0.96108,0.11182,-0.63180,-0.25137,0.73324
-0.06742,-0.12993,-1.09601
-0.24298,0.96369,0.11073,-0.62944,-0.24349,0.73791
-0.06789,-0.17267,-1.07798
-0.23875,0.96410,0.11627,-0.62422,-0.24408,0.74214
-0.06885,-0.22027,-1.03852
-0.23618,0.96324,0.12798,-0.61675,-0.25038,0.74628
-0.09022,-0.28243,-1.01563
-0.23930,0.96075,0.14036,-0.60711,-0.26088,0.75057
-0.09411,-0.25718,-0.99372
-0.24235,0.95780,0.15458,-0.59983,-0.27315,0.75206
-0.11446,-0.42330,-0.84271
-0.29729,0.91126,0.28502,-0.54586,-0.40713,0.73232
-0.13292,-0.45050,-0.80083
-0.31911,0.89768,0.30387,-0.52517,-0.43440,0.73177
-0.12663,-0.35336,-0.86562
-0.32559,0.89547,0.30351,-0.52114,-0.43780,0.73263
-0.11936,-0.33781,-0.92406
-0.31907,0.89958,0.29825,-0.52841,-0.43011,0.73198
-0.11743,-0.31255,-0.97374
-0.30866,0.90280,0.29947,-0.53186,-0.42484,0.73255
-0.03429,-0.27080,-0.96058
-0.26230,0.93101,0.25381,-0.62414,-0.36428,0.69120
-0.01143,-0.30237,-0.98492
-0.25366,0.93412,0.25114,-0.63193,-0.35660,0.68811
-0.05130,-0.28197,-0.95084
-0.24766,0.93824,0.24161,-0.64090,-0.34567,0.68539
-0.10771,-0.29118,-0.94501
-0.25248,0.93787,0.23801,-0.63299,-0.34614,0.69247
-0.11501,-0.28923,-0.98203
-0.25500,0.93907,0.23049,-0.63260,-0.34230,0.69473
-0.07562,-0.29119,-0.96400
-0.25287,0.93915,0.23249,-0.63028,-0.34222,0.69688
-0.05860,-0.28245,-0.98055
-0.25065,0.93917,0.23479,-0.63377,-0.34253,0.69354
-0.03426,-0.34851,-0.92501
-0.25363,0.93726,0.23920,-0.63414,-0.34784,0.69056
-0.05907,-0.32714,-0.93087
-0.25903,0.93465,0.24358,-0.63306,-0.35475,0.68803
-0.08338,-0.34947,-0.93623
-0.26677,0.93183,0.24601,-0.63059,-0.36180,0.68663
-0.09602,-0.32519,-0.92357
-0.27453,0.93095,0.24075,-0.62568,-0.36306,0.69044
-0.05223,-0.38009,-0.87193
-0.28016,0.92725,0.24844,-0.62183,-0.37247,0.68891
-0.05125,-0.39029,-0.86413
-0.28363,0.92488,0.25327,-0.61799,-0.37825,0.68922
-0.06292,-0.41408,-0.87972
-0.29142,0.91962,0.26339,-0.61148,-0.39082,0.68801
-0.06440,-0.36017,-0.89239
-0.29389,0.91823,0.26550,-0.61162,-0.39411,0.68600
-0.09016,-0.39610,-0.87680
-0.30046,0.91553,0.26744,-0.58146,-0.39809,0.70953
-0.05420,-0.32909,-0.89677
-0.28353,0.92420,0.25585,-0.58635,-0.37819,0.71635
-0.05808,-0.31744,-0.87584
-0.28244,0.92585,0.25106,-0.59238,-0.37418,0.71349
-0.05324,-0.29315,-0.91675
-0.27511,0.92944,0.24588,-0.59503,-0.36548,0.71579
-0.06104,-0.25234,-0.98299
-0.26327,0.93591,0.23401,-0.60335,-0.34901,0.71705
-0.02796,-0.29120,-0.94061
-0.25225,0.93939,0.23218,-0.60982,-0.34062,0.71561
-0.06831,-0.30674,-0.94500
-0.24942,0.93955,0.23461,-0.60469,-0.34033,0.72009
-0.08732,-0.22513,-1.01856
-0.24337,0.94269,0.22825,-0.60354,-0.33140,0.72520
-0.10771,-0.29701,-0.98056
-0.24423,0.94315,0.22544,-0.60143,-0.32969,0.72773
-0.09262,-0.31790,-0.94403
-0.24979,0.93924,0.23546,-0.59220,-0.34057,0.73028
-0.07561,-0.31596,-0.94987
-0.25161,0.93808,0.23813,-0.58971,-0.34370,0.73083
-0.06394,-0.31499,-0.94792
-0.25806,0.93342,0.24928,-0.59796,-0.35697,0.71765
-0.06102,-0.31305,-0.95571
-0.25874,0.93305,0.24994,-0.59906,-0.35798,0.71622
-0.06004,-0.33442,-0.95619
-0.26022,0.93124,0.25510,-0.59623,-0.36279,0.71617
-0.07365,-0.37181,-0.94109
-0.26617,0.92623,0.26693,-0.59061,-0.37556,0.71424
-0.05564,-0.39514,-0.90991
-0.27454,0.92035,0.27854,-0.58618,-0.38981,0.71024
-0.04592,-0.36503,-0.91089
-0.27377,0.91864,0.28488,-0.58211,-0.39404,0.71125
-0.05516,-0.38640,-0.90358
-0.27657,0.91391,0.29711,-0.57542,-0.40511,0.71048
-0.08529,-0.40194,-0.86414
-0.28524,0.90891,0.30416,-0.56475,-0.41579,0.71287
-0.11641,-0.39027,-0.85830
-0.29475,0.90454,0.30811,-0.55476,-0.42451,0.71556
-0.08820,-0.38494,-0.83005
-0.30365,0.89831,0.31754,-0.54518,-0.43714,0.71532
-0.05368,-0.35727,-0.81349
-0.30347,0.89822,0.31799,-0.54196,-0.43720,0.71773
-0.07022,-0.38931,-0.85440
-0.30532,0.89758,0.31802,-0.53870,-0.43819,0.71958
-0.09700,-0.32616,-0.92942
-0.29358,0.90192,0.31678,-0.53204,-0.42948,0.72971
-0.08825,-0.30673,-0.94403
-0.28015,0.90671,0.31526,-0.52739,-0.41979,0.73867
-0.10040,-0.31304,-0.92698
-0.27119,0.90695,0.32232,-0.51661,-0.41970,0.74630
-0.09459,-0.25913,-0.98690
-0.26123,0.91144,0.31786,-0.51061,-0.40993,0.75580
-0.12038,-0.25231,-1.03463
-0.25476,0.91319,0.31809,-0.49933,-0.40593,0.76543
-0.10385,-0.25911,-1.04291
-0.25166,0.91300,0.32108,-0.49115,-0.40634,0.77049
-0.10580,-0.24454,-1.05557
-0.24820,0.91164,0.32760,-0.48187,-0.40956,0.77464
-0.11648,-0.27174,-1.00151
-0.24564,0.90946,0.33548,-0.47039,-0.41444,0.77908
-0.14176,-0.25718,-0.96402
-0.24418,0.90489,0.34864,-0.45495,-0.42440,0.78288
-0.11937,-0.29216,-0.93138
-0.24471,0.89706,0.36797,-0.43769,-0.44084,0.78363
-0.09603,-0.26982,-0.91920
-0.23783,0.88627,0.39744,-0.42419,-0.46287,0.77834
-0.17381,-0.34606,-0.87537
-0.24839,0.87335,0.41900,-0.39429,-0.48626,0.77980
-0.19812,-0.43686,-0.97764
-0.30773,0.73274,0.60695,-0.23296,-0.67651,0.69861
-0.20638,-0.43783,-0.95767
-0.31314,0.73024,0.60720,-0.23535,-0.67908,0.69532
-0.18643,-0.46504,-0.92698
-0.19816,0.80092,0.56503,-0.17921,-0.59635,0.78246
-0.14858,-0.23337,-1.00299
-0.19476,0.82458,0.53116,-0.19453,-0.56324,0.80307
-0.03863,-0.41261,-0.97322
-0.18208,0.83310,0.52230,-0.22047,-0.55224,0.80400
-0.06540,-0.36452,-0.99417
-0.17257,0.83651,0.52006,-0.23379,-0.54768,0.80336
-0.09508,-0.30574,-1.01465
-0.16788,0.84401,0.50938,-0.24490,-0.53622,0.80777
-0.18452,-0.40869,-0.98689
-0.17511,0.84501,0.50527,-0.24855,-0.53452,0.80778
-0.24337,-0.43877,-1.06288
-0.18139,0.84487,0.50329,-0.25657,-0.53471,0.80515
-0.26190,-0.27169,-1.11454
-0.18483,0.84727,0.49797,-0.26826,-0.53095,0.80382
-0.20644,-0.30862,-1.05120
-0.18700,0.84879,0.49456,-0.27909,-0.52860,0.80168
0.03038,-0.29607,-0.98296
-0.15774,0.86016,0.48501,-0.29993,-0.50969,0.80638
0.03672,-0.36406,-0.97856
-0.14581,0.85930,0.49024,-0.32399,-0.50969,0.79702
-0.04593,-0.37570,-0.95862
-0.14873,0.85285,0.50052,-0.32685,-0.52010,0.78909
-0.12906,-0.42960,-0.90408
-0.16734,0.84924,0.50079,-0.29252,-0.52785,0.79738
-0.04927,-0.47578,-0.79350
-0.17992,0.82846,0.53037,-0.27669,-0.56002,0.78091
0.04408,-0.46123,-0.82513
-0.16833,0.81623,0.55266,-0.29213,-0.57678,0.76288
0.03924,-0.47144,-0.73942
-0.16486,0.80237,0.57361,-0.30755,-0.59439,0.74304
-0.39978,-0.55442,-0.53935
-0.29864,0.67463,0.67504,-0.07166,-0.72118,0.68903
-0.18434,-0.67977,-0.56118
-0.31609,0.64761,0.69332,-0.04063,-0.73936,0.67208
-0.13187,-0.51563,-0.56802
-0.32980,0.63811,0.69573,-0.02525,-0.74267,0.66919
-0.71695,-0.36536,-0.86966
-0.34391,0.47702,0.80881,0.56313,-0.58449,0.58417
-0.75295,-0.36582,-0.92957
-0.34571,0.48144,0.80542,0.57437,-0.57018,0.58737
-0.66201,-0.32603,-0.85358
-0.34066,0.48546,0.80516,0.58225,-0.56347,0.58608
-0.64450,-0.26340,-0.78930
-0.33006,0.49712,0.80245,0.60093,-0.54492,0.58475
-0.70711,-0.43634,-0.47759
-0.18898,0.28362,0.94013,0.76547,-0.55714,0.32195
-0.70562,-0.50775,-0.41476
-0.18398,0.27363,0.94408,0.76310,-0.56562,0.31265
-0.69878,-0.60974,-0.40792
-0.19199,0.24676,0.94987,0.73933,-0.60013,0.30534
-0.76638,-0.54853,-0.38652
-0.19126,0.23351,0.95336,0.74155,-0.60197,0.29621
-0.80526,-0.58836,-0.33976
-0.19435,0.20338,0.95962,0.74517,-0.60558,0.27927
-0.81117,-0.44360,-0.50294
-0.56304,0.28837,0.77449,0.50838,-0.61800,0.59969
-0.73866,-0.51892,-0.32223
-0.56788,0.28059,0.77381,0.50870,-0.61944,0.59793
-0.77070,-0.64812,-0.25452
-0.57622,0.26139,0.77437,0.50071,-0.63594,0.58725
-0.88205,-0.70587,-0.30226
-0.58997,0.25754,0.76525,0.48365,-0.64620,0.59035
-0.94038,-0.81805,-0.31881
-0.60533,0.25555,0.75384,0.46222,-0.65816,0.59429
-0.92621,-1.01184,-0.23744
-0.62067,0.25446,0.74163,0.43681,-0.67328,0.59657
-0.84059,-1.11386,-0.18188
-0.63649,0.26038,0.72600,0.40438,-0.68889,0.60159
-0.82845,-1.13619,-0.25054
-0.65557,0.28077,0.70100,0.35779,-0.70201,0.61577
-0.92667,-1.24057,-0.35477
-0.66692,0.30943,0.67784,0.31621,-0.70618,0.63349
-1.05943,-1.28181,-0.41324
-0.67269,0.34802,0.65297,0.27276,-0.70370,0.65606
-1.02144,-1.18280,-0.09084
-0.66803,0.38808,0.63493,0.23464,-0.69986,0.67464
-0.80554,-0.84198,0.24763
-0.65515,0.42879,0.62203,0.20543,-0.69121,0.69285
-0.54603,-0.41511,0.04307
-0.65346,0.44732,0.61066,0.19881,-0.67698,0.70864
-0.38339,0.01186,-0.56380
-0.62663,0.55734,0.54472,0.12302,-0.61946,0.77533
0.05654,0.24008,-0.87786
-0.32753,0.94480,-0.00860,0.20308,0.07929,0.97595
0.06327,0.44213,-0.98163
-0.26373,0.96303,-0.05500,0.17237,0.10315,0.97962
0.11484,0.33042,-0.98111
-0.23624,0.96997,-0.05780,0.15840,0.09713,0.98259
0.12262,0.27020,-1.03224
-0.20914,0.97654,-0.05126,0.15192,0.08423,0.98480
0.02195,0.31880,-1.07172
-0.20314,0.97872,-0.02909,0.17131,0.06477,0.98309
-0.14629,0.31981,-1.04108
-0.20603,0.97854,0.00301,0.19574,0.03820,0.97991
-0.36173,0.30045,-1.14097
-0.21867,0.97457,0.04888,0.23025,0.00286,0.97313
-0.51372,-0.39840,-1.01327
-0.28333,0.68776,0.66836,0.32317,-0.58769,0.74174
-0.45586,-0.35568,-0.99768
-0.30160,0.67609,0.67226,0.33898,-0.58299,0.73839
-0.49964,-0.31488,-0.99040
-0.31367,0.66771,0.67511,0.34931,-0.57999,0.73593
-0.57210,-0.34448,-1.04447
-0.32078,0.65562,0.68356,0.35841,-0.58401,0.72834
-0.52440,-0.40279,-0.94071
-0.32668,0.64172,0.69388,0.36222,-0.59310,0.71905
-0.53605,-0.38727,-0.82042
-0.33511,0.62671,0.70352,0.36885,-0.59983,0.71004
-0.93523,-0.30222,-0.61794
-0.47988,0.46783,0.74219,0.54673,-0.50214,0.67002
-0.82294,-0.26678,-0.69000
-0.49603,0.46994,0.73015,0.52751,-0.50484,0.68329
-0.80792,-0.16282,-0.83222
-0.51102,0.47431,0.71686,0.50319,-0.51107,0.69686
-0.52146,-0.55430,-1.00497
-0.66102,0.62363,0.41730,0.18878,-0.40002,0.89685
-0.27636,-0.56555,-0.88997
-0.64823,0.65201,0.39330,0.14212,-0.40385,0.90372
-0.80536,-0.31733,-0.47423
-0.63082,0.53559,0.56143,0.33458,-0.46508,0.81961
-0.68432,-0.20177,-0.49127
-0.62221,0.54760,0.55946,0.34425,-0.45045,0.82377
-0.45402,-0.22693,-1.28505
-0.38587,0.86088,0.33166,0.10111,-0.31787,0.94273
-0.41164,-0.21243,-0.96848
-0.38744,0.85890,0.33495,0.10681,-0.31905,0.94170
-0.53175,-0.17356,-0.91592
-0.39362,0.85486,0.33805,0.12682,-0.31372,0.94101
-0.57748,-0.11575,-0.94614
-0.39083,0.85350,0.34466,0.15170,-0.30960,0.93869
-0.52252,-0.11722,-0.91641
-0.38956,0.85172,0.35046,0.17277,-0.30619,0.93616
-0.44665,-0.08909,-0.83896
-0.41575,0.84037,0.34775,0.19539,-0.29090,0.93659
-1.02141,-0.11274,-0.85177
-0.41945,0.83644,0.35275,0.20866,-0.28934,0.93421
-0.54037,-0.41158,-0.62172
-0.47980,0.72939,0.48763,0.15639,-0.47579,0.86555
-0.69405,-0.34355,-0.66268
-0.50552,0.70116,0.50282,0.21166,-0.46418,0.86008
-0.75877,-0.23861,-0.75330
-0.50182,0.70619,0.49947,0.22362,-0.45189,0.86359
-1.25959,-0.72602,-1.12444
-0.23642,0.84060,0.48733,0.14127,-0.46648,0.87317
0.37377,-0.03692,-0.39071
0.15208,0.96152,0.22879,-0.62479,-0.08584,0.77606
-0.30225,-0.12699,-0.93194
-0.27027,0.88135,0.38752,0.04565,-0.39031,0.91955
-0.26292,0.02358,-1.04008
-0.26312,0.89025,0.37177,0.08235,-0.36322,0.92806
-0.36409,0.19455,-0.97877
-0.25990,0.90053,0.34857,0.13041,-0.32493,0.93670
-0.55427,0.30486,-1.09037
-0.25139,0.90244,0.34986,0.18906,-0.30872,0.93217
-0.22961,-0.75013,-0.80080
-0.36256,0.63339,0.68364,0.06825,-0.71353,0.69729
-0.33603,-0.86039,-0.61622
-0.38352,0.61825,0.68606,0.05456,-0.72640,0.68510
-0.51984,-0.91812,-0.70830
-0.39864,0.61447,0.68082,0.05073,-0.72644,0.68535
0.14031,0.43273,-0.16098
0.12612,0.99201,-0.00174,-0.50185,0.06531,0.86248
-1.31612,-0.35106,-1.24579
0.12880,0.89064,0.43609,-0.55138,-0.30119,0.77799
0.12716,0.48325,-0.19898
0.28546,0.94983,0.12781,-0.95010,0.26296,0.16779
0.14617,0.31083,-0.17801
0.26309,0.94836,0.17719,-0.96473,0.25695,0.05719
0.27054,0.49831,-0.41568
0.23986,0.94752,0.21135,-0.96718,0.25203,-0.03226
1.99187,1.99209,-2.00638
0.29471,0.93757,0.18468,-0.92178,0.32987,-0.20372
-0.38372,-0.21696,-0.16148
0.13301,0.98532,0.10704,-0.97718,0.11233,0.18029
-1.12613,0.71532,-0.74724
0.03064,0.99561,0.08839,-0.91068,-0.00864,0.41303
-0.90660,0.26157,-0.28541
-0.09192,0.99166,0.09037,-0.82103,-0.12683,0.55662
-0.91101,-0.00790,-0.67984
0.30597,0.77152,-0.55780,-0.92386,0.09911,-0.36968
-0.65713,-0.05218,-0.53318
0.65528,0.69962,-0.28486,-0.49096,0.10786,-0.86448
-0.56469,-0.21831,-0.48734
0.63899,0.70387,-0.31026,-0.49190,0.06382,-0.86831
-0.55492,-0.34605,-0.42887
0.62722,0.70032,-0.34080,-0.49549,0.02120,-0.86835
-0.53543,-0.48302,-0.40546
0.61720,0.69467,-0.36947,-0.49767,-0.01905,-0.86716
-0.74594,-0.39851,-0.15033
-0.38005,0.38550,-0.84081,-0.73682,-0.67568,0.02325
-0.68542,-0.62157,0.50038
-0.76373,0.02607,-0.64501,-0.36130,-0.84529,0.39363
-0.58037,-0.98337,0.25112
-0.80569,-0.03237,-0.59146,-0.26789,-0.87064,0.41257
-0.52151,-1.15238,0.17130
-0.82226,-0.03309,-0.56814,-0.24446,-0.88098,0.40512
-0.67572,-0.94203,0.08989
-0.83974,-0.05074,-0.54061,-0.21892,-0.87948,0.42260
-0.89390,-1.19362,0.45953
-0.85725,-0.08263,-0.50823,-0.18226,-0.87444,0.44959
-0.87508,-0.89634,0.16142
-0.86331,-0.08673,-0.49716,-0.16974,-0.87782,0.44790
-0.52593,-0.97559,0.14545
-0.86967,-0.08907,-0.48553,-0.14697,-0.89226,0.42693
0.08301,-1.27496,0.44615
-0.87553,-0.10536,-0.47154,-0.10703,-0.90940,0.40192
-0.03282,-0.99857,0.30289
-0.88105,-0.13406,-0.45363,-0.05243,-0.92541,0.37532
-0.34604,-0.57016,0.43520
-0.87990,-0.47247,-0.05047,0.37902,-0.76195,0.52515
-0.46852,-0.80665,0.44398
-0.88574,-0.46231,-0.04169,0.35727,-0.73631,0.57463
-0.51067,-0.92572,0.93929
-0.89085,-0.45330,-0.03001,0.33701,-0.70373,0.62546
-1.13067,-0.05067,-0.20261
-0.91487,-0.40303,-0.02392,0.28245,-0.68123,0.67538
-0.64170,-0.66185,0.29001
-0.92958,-0.36783,-0.02421,0.24517,-0.66596,0.70454
-0.71896,-0.72452,0.47020
-0.93647,-0.34996,-0.02342,0.22269,-0.64484,0.73116
-0.72686,-0.49232,0.20521
-0.95071,-0.30857,-0.03050,0.18044,-0.63055,0.75488
-0.75070,-0.36411,0.28798
-0.96117,-0.27444,-0.02897,0.14628,-0.59568,0.78979
-0.99772,-0.40678,0.25724
-0.96985,-0.24202,-0.02874,0.11643,-0.56367,0.81775
-1.08630,-0.26394,0.04485
-0.97902,-0.20125,-0.03208,0.08390,-0.54152,0.83649
-1.19679,0.06782,-0.06580
-0.98647,-0.16115,-0.03022,0.05793,-0.51500,0.85523
-1.13494,-0.18914,0.08184
-0.99128,-0.13041,-0.01884,0.04749,-0.48699,0.87212
-0.81844,-0.13770,-0.08953
-0.90590,0.26686,-0.32884,-0.41795,-0.43810,0.79586
-0.83108,-0.44653,-0.37097
-0.89458,0.37329,-0.24571,-0.42315,-0.53065,0.73441
-0.83204,-0.42614,-0.30571
-0.89905,0.37020,-0.23378,-0.41365,-0.54313,0.73069
-0.87678,-0.40573,-0.31303
-0.90204,0.36357,-0.23270,-0.40816,-0.54299,0.73387
-0.83449,-0.39845,-0.37731
-0.89998,0.36895,-0.23218,-0.41120,-0.54167,0.73315
-0.80775,-0.36980,-0.36416
-0.89292,0.37960,-0.24207,-0.42506,-0.53358,0.73117
-0.83693,-0.39553,-0.37731
-0.88698,0.38745,-0.25128,-0.43723,-0.52944,0.72700
-0.81603,-0.36591,-0.40263
-0.87631,0.40489,-0.26106,-0.45584,-0.52157,0.72123
-0.81751,-0.34356,-0.46011
-0.85392,0.43825,-0.28065,-0.49213,-0.50471,0.70927
-0.80778,-0.34841,-0.46157
-0.83850,0.45929,-0.29321,-0.51540,-0.49384,0.70034
-0.81508,-0.34064,-0.46449
-0.82392,0.47541,-0.30844,-0.53781,-0.48441,0.69000
-0.80585,-0.33238,-0.48884
-0.80977,0.49175,-0.32009,-0.55758,-0.47505,0.68076
-0.80877,-0.33675,-0.48981
-0.79655,0.50476,-0.33275,-0.57625,-0.46744,0.67040
-0.78737,-0.33141,-0.49517
-0.78401,0.52000,-0.33900,-0.59190,-0.46168,0.66069
-0.80779,-0.35618,-0.47617
-0.77630,0.52601,-0.34738,-0.60307,-0.45935,0.65215
-0.79611,-0.37076,-0.46886
-0.77364,0.52585,-0.35350,-0.60835,-0.46043,0.64647
-0.78201,-0.37562,-0.46886
-0.77180,0.52809,-0.35418,-0.61176,-0.46477,0.64011
-0.75282,-0.39117,-0.45619
-0.77338,0.52634,-0.35333,-0.61162,-0.47291,0.63425
-0.75282,-0.40185,-0.44888
-0.77484,0.52481,-0.35242,-0.61110,-0.47917,0.63004
-0.76401,-0.38631,-0.45814
-0.77438,0.52557,-0.35229,-0.61195,-0.48063,0.62810
-0.76012,-0.37757,-0.45716
-0.77246,0.52781,-0.35316,-0.61417,-0.47942,0.62686
-0.75235,-0.36300,-0.47080
-0.76873,0.53217,-0.35476,-0.61829,-0.47642,0.62509
-0.76402,-0.36348,-0.48249
-0.76433,0.53794,-0.35556,-0.62260,-0.47214,0.62406
-0.76645,-0.37368,-0.46983
-0.76231,0.54129,-0.35481,-0.62447,-0.47109,0.62298
-0.77374,-0.38048,-0.46058
-0.76516,0.53729,-0.35474,-0.62142,-0.47220,0.62519
-0.77227,-0.39408,-0.45424
-0.76742,0.53444,-0.35419,-0.61942,-0.47542,0.62474
-0.78589,-0.38193,-0.46594
-0.76934,0.53241,-0.35307,-0.61733,-0.47737,0.62532
-0.75770,-0.38096,-0.47811
-0.76764,0.53661,-0.35041,-0.61861,-0.47748,0.62397
-0.76110,-0.38193,-0.47372
-0.76625,0.53871,-0.35022,-0.61988,-0.47626,0.62364
-0.75138,-0.37368,-0.47664
-0.76415,0.54172,-0.35016,-0.62203,-0.47520,0.62231
-0.78541,-0.38630,-0.48493
-0.76316,0.54358,-0.34943,-0.62309,-0.47565,0.62090
-0.74070,-0.33870,-0.52778
-0.72536,0.57739,-0.37479,-0.66495,-0.44692,0.59842
-0.79711,-0.32509,-0.54582
-0.71520,0.58401,-0.38395,-0.67415,-0.43152,0.59942
-0.79761,-0.31052,-0.55849
-0.70664,0.58921,-0.39178,-0.68233,-0.42086,0.59775
-0.79615,-0.31149,-0.56043
-0.70052,0.59546,-0.39332,-0.68728,-0.41452,0.59651
-0.79906,-0.31537,-0.55118
-0.69775,0.59617,-0.39715,-0.69028,-0.41139,0.59521
-0.76404,-0.32899,-0.52244
-0.69645,0.59602,-0.39966,-0.69285,-0.41347,0.59076
-0.75965,-0.34745,-0.49516
-0.70299,0.58806,-0.39999,-0.68809,-0.42016,0.59161
-0.75479,-0.34259,-0.50246
-0.70813,0.58269,-0.39877,-0.68356,-0.42426,0.59392
-0.77083,-0.35182,-0.48932
-0.71330,0.57721,-0.39754,-0.67971,-0.43140,0.59321
-0.78639,-0.35230,-0.47617
-0.72148,0.56669,-0.39789,-0.67225,-0.43553,0.59866
-0.79953,-0.33335,-0.49955
-0.72050,0.56340,-0.40431,-0.67424,-0.43285,0.59836
-0.79175,-0.33044,-0.49273
-0.71846,0.56543,-0.40509,-0.67597,-0.43031,0.59825
0.04252,0.15407,-0.63190
0.26999,0.95885,-0.08786,-0.86119,0.19966,-0.46743
0.13837,-0.07178,-0.63476
0.23518,0.97186,0.01333,-0.85046,0.21240,-0.48125
-0.00465,0.04969,-0.74196
0.22058,0.97248,0.07498,-0.84879,0.22926,-0.47643
-0.03534,0.28184,-0.72935
0.20250,0.96839,0.14566,-0.84938,0.24772,-0.46603
-0.07181,0.34352,-0.66168
0.18305,0.96314,0.19711,-0.85003,0.25579,-0.46046
-0.20026,0.57814,-0.76939
0.29452,0.92829,0.22700,-0.78255,0.37061,-0.50026
-0.07912,0.46541,-0.63832
0.29490,0.91355,0.28010,-0.74156,0.40367,-0.53586
0.39923,0.66594,-0.95578
-0.19473,0.93212,0.30534,-0.62421,0.12236,-0.77162
0.05160,0.56110,-0.84481
-0.14310,0.95937,0.24319,-0.70119,0.07514,-0.70901
0.52605,-0.68332,-0.68227
-0.69121,0.69350,-0.20317,-0.55875,-0.69119,-0.45832
0.39970,-0.79017,-0.47092
-0.71206,0.67184,-0.20397,-0.53509,-0.70735,-0.46188
-0.00455,-0.32137,-0.68588
-0.70249,0.68151,-0.20504,-0.55036,-0.70288,-0.45063
-0.51042,-0.18176,-1.20325
-0.61230,0.75481,-0.23528,-0.62382,-0.64406,-0.44276
-0.44029,-0.31831,-0.91782
-0.59611,0.76199,-0.25303,-0.62225,-0.63760,-0.45417
0.25677,-0.80473,-0.36332
-0.62695,0.73268,-0.26480,-0.57588,-0.66477,-0.47586
0.56937,-0.56536,-0.42319
-0.65840,0.71013,-0.24947,-0.53431,-0.67441,-0.50960
0.54800,-0.56878,-0.28926
-0.70809,0.66810,-0.22858,-0.48802,-0.69699,-0.52540
0.41714,-0.40410,-0.36628
-0.71028,0.66551,-0.22932,-0.48482,-0.69871,-0.52607
-0.01803,-0.53172,-0.37659
-0.71512,0.65830,-0.23505,-0.48430,-0.70909,-0.51249
0.23939,-1.20201,-0.27461
-0.72914,0.64302,-0.23426,-0.47463,-0.72173,-0.50382
-0.14885,-1.02162,-0.91663
-0.71471,0.66188,-0.22606,-0.50542,-0.71216,-0.48721
0.11360,-0.90845,-1.29598
-0.70762,0.67111,-0.22112,-0.52345,-0.70808,-0.47393
-0.03655,-0.68610,-0.66975
-0.59054,0.72490,-0.35466,-0.62260,-0.68886,-0.37127
-0.10415,-0.57099,-0.63278
-0.58109,0.72148,-0.37657,-0.62021,-0.69217,-0.36910
-0.06379,-0.63364,-0.67853
-0.56979,0.72107,-0.39420,-0.61446,-0.69235,-0.37827
0.01161,-0.81286,-0.72670
-0.56845,0.71422,-0.40836,-0.59936,-0.69952,-0.38914
0.10835,-0.86628,-0.87228
-0.55401,0.71568,-0.42530,-0.58819,-0.69802,-0.40842
0.25132,-0.97363,-0.94333
-0.53308,0.72040,-0.44367,-0.57846,-0.69302,-0.43024
0.22700,-0.85271,-0.85618
-0.50468,0.72884,-0.46270,-0.57678,-0.68345,-0.44746
-0.00302,-0.73367,-0.81974
-0.47188,0.73789,-0.48254,-0.58043,-0.67197,-0.45996
-0.09398,-0.67487,-0.89623
-0.45012,0.74538,-0.49173,-0.57888,-0.66286,-0.47489
0.12100,-0.89444,-0.89224
-0.43360,0.75486,-0.49211,-0.57961,-0.65179,-0.48910
0.09374,-0.64095,-0.73742
-0.44187,0.75568,-0.48343,-0.58295,-0.65148,-0.48553
0.04749,-0.47823,-0.80175
-0.44036,0.76644,-0.46761,-0.59778,-0.63889,-0.48423
0.07422,-0.45346,-0.84704
-0.42355,0.79331,-0.43734,-0.63090,-0.60477,-0.48602
-0.27993,-0.15900,-1.14963
-0.33177,0.84709,-0.41517,-0.71571,-0.51273,-0.47421
-0.64034,-0.39581,-1.74384
-0.31510,0.85400,-0.41401,-0.75884,-0.48870,-0.43051
0.19717,-0.18102,-0.88603
-0.26910,0.94190,-0.20103,-0.38435,-0.29641,-0.87431
0.22691,-0.22236,-0.62156
-0.27870,0.93984,-0.19757,-0.35707,-0.29238,-0.88714
0.19873,-0.24569,-0.52659
-0.28339,0.93863,-0.19664,-0.34535,-0.29117,-0.89216
0.15597,-0.30348,-0.47740
-0.28587,0.93806,-0.19574,-0.33647,-0.28952,-0.89609
0.19676,-0.19954,-0.57774
-0.28667,0.94004,-0.18477,-0.32251,-0.27630,-0.90534
0.25699,-0.05723,-0.72386
-0.28435,0.94359,-0.16968,-0.30670,-0.25721,-0.91639
0.28562,0.02196,-0.88068
-0.27887,0.95008,-0.13991,-0.29386,-0.22313,-0.92944
-0.23068,-0.15815,-0.60854
-0.14042,0.98095,-0.13425,-0.60804,-0.19245,-0.77023
-0.15318,-0.32728,-0.06497
-0.15312,0.97730,-0.14641,-0.65011,-0.21121,-0.72990
-0.19743,-0.27677,-0.00898
-0.14874,0.97677,-0.15429,-0.66277,-0.21426,-0.71752
0.69019,-0.12041,-1.01546
-0.22775,0.97342,-0.02402,-0.54545,-0.14798,-0.82498
1.09423,0.05918,-1.00029
-0.23324,0.97242,-0.00063,-0.50149,-0.12084,-0.85668
1.29997,-0.21914,-1.04402
-0.23850,0.97114,0.00212,-0.49947,-0.12079,-0.85787
1.04960,-0.43035,-1.05378
-0.23855,0.97112,-0.00493,-0.52887,-0.13417,-0.83803
0.51275,-0.37679,-1.06805
-0.22554,0.97415,-0.01252,-0.57374,-0.14320,-0.80642
0.20153,-0.20044,-0.94008
-0.22644,0.97401,-0.00478,-0.62150,-0.14826,-0.76926
0.09008,0.43867,-0.70695
0.28915,0.93938,0.18426,-0.75407,0.34208,-0.56067
-0.01749,0.54513,-1.05765
0.32373,0.92240,0.21066,-0.75483,0.38603,-0.53029
-0.13323,0.51506,-1.12050
0.32398,0.92489,0.19905,-0.77320,0.38009,-0.50764
-0.23085,0.44167,-0.72505
0.29418,0.95195,0.08519,-0.87538,0.30415,-0.37577
-0.06738,0.13225,-0.68063
0.28789,0.95330,0.09129,-0.86860,0.30007,-0.39432
-0.10040,0.07153,-0.53890
0.32734,0.93643,0.12623,-0.71456,0.33274,-0.61538
-0.08830,-0.16102,-0.98643
0.26119,0.96196,0.08012,-0.72732,0.25070,-0.63887
-0.03439,0.02742,-1.06389
0.27622,0.95673,0.09148,-0.70431,0.26626,-0.65806
0.16950,-0.04170,-0.53394
0.27720,0.95655,0.09046,-0.69262,0.26419,-0.67118
0.09848,0.30164,-0.33289
0.28828,0.95351,0.08782,-0.68900,0.27025,-0.67249
-0.14868,0.69755,-0.47962
0.31871,0.94418,0.08341,-0.68110,0.28933,-0.67260
-0.21831,0.80058,-0.76992
0.34993,0.93346,0.07875,-0.66142,0.30573,-0.68487
-0.11763,0.52813,-0.93348
0.34661,0.93592,0.06262,-0.65566,0.28948,-0.69736
-0.13029,0.41792,-1.10879
0.34462,0.93754,0.04751,-0.65467,0.27630,-0.70361
-0.28779,0.44900,-0.90964
0.48402,0.87371,0.04864,-0.78435,0.45782,-0.41856
-0.07817,0.17263,-1.01473
0.43434,0.89943,0.04873,-0.79830,0.40943,-0.44168
-0.16722,0.47715,-0.94712
0.36338,0.92854,0.07590,-0.78628,0.34936,-0.50961
-0.15117,0.38731,-1.02746
0.36687,0.92759,0.07056,-0.78527,0.34946,-0.51111
-0.16775,0.44805,-1.16627
0.37177,0.92595,0.06638,-0.78427,0.35153,-0.51121
-0.32633,-0.92301,-0.78082
0.02590,0.99878,0.04215,-0.85893,0.04380,-0.51021
-0.70570,-0.29112,-0.54045
-0.00678,0.97146,-0.23709,-0.89805,-0.11020,-0.42587
-0.68675,-0.14641,-0.46060
0.00965,0.96769,-0.25196,-0.89561,-0.10370,-0.43258
-0.42952,-0.10665,-0.41379
0.01568,0.96893,-0.24685,-0.87354,-0.10685,-0.47488
-0.17040,-0.04598,-0.55838
0.02635,0.97483,-0.22140,-0.84008,-0.09845,-0.53346
0.10167,0.18721,-1.29716
0.04227,0.98380,-0.17423,-0.80061,-0.07097,-0.59497
0.47561,-0.04256,-1.48745
0.02436,0.98834,-0.15029,-0.78059,-0.07512,-0.62051
0.33766,-0.20482,-1.06618
0.00237,0.99069,-0.13609,-0.78336,-0.08275,-0.61604
-0.08821,-0.09020,-0.55738
-0.02983,0.99295,-0.11474,-0.80177,-0.09232,-0.59046
-0.06050,0.04868,-0.45610
-0.01384,0.99360,-0.11208,-0.80054,-0.07817,-0.59416
0.05270,0.25315,-0.65335
0.00906,0.99565,-0.09272,-0.79810,-0.04867,-0.60056
-0.00680,0.50143,-1.12095
0.06169,0.99740,-0.03716,-0.80739,0.02798,-0.58936
-0.24282,0.63710,-1.72494
0.06819,0.99696,-0.03777,-0.83851,0.03676,-0.54365
-0.29392,-0.97873,-1.50159
0.01820,0.99709,-0.07400,-0.86859,-0.02089,-0.49510
-0.47194,-0.32507,-1.06734
-0.00364,0.99363,-0.11262,-0.89266,-0.05399,-0.44749
-0.36163,0.16248,-0.88623
0.08683,0.98702,-0.13506,-0.88929,0.01569,-0.45707
-0.14559,-0.12708,-0.61631
0.07826,0.98573,-0.14905,-0.89132,0.00221,-0.45336
0.04654,-0.58216,-0.81001
-0.10735,0.98267,-0.15111,-0.90096,-0.16042,-0.40315
-0.05027,-0.30581,-0.74678
-0.19686,0.96935,-0.14701,-0.91154,-0.23617,-0.33661
-0.21378,0.10075,-0.85355
-0.15977,0.97477,-0.15585,-0.93101,-0.20128,-0.30447
-0.21044,0.23773,-0.95049
0.04355,0.98856,-0.14438,-0.93464,-0.01073,-0.35543
-0.19531,0.03229,-0.95094
0.09066,0.98659,-0.13573,-0.93241,0.03622,-0.35959
-0.30126,-0.19206,-0.94069
0.03546,0.98313,-0.17944,-0.94652,-0.02458,-0.32171
-0.51971,0.11108,-1.12393
0.04139,0.98017,-0.19381,-0.95628,-0.01734,-0.29194
-0.48316,-0.09439,-1.00261
0.03326,0.97713,-0.21002,-0.95931,-0.02774,-0.28098
-0.40970,-0.14930,-0.91979
0.01672,0.97075,-0.23949,-0.95672,-0.05406,-0.28593
-0.18552,-0.21152,-0.93579
-0.04081,0.97117,-0.23487,-0.95022,-0.11039,-0.29136
-0.00458,-0.32328,-0.83589
-0.09240,0.97466,-0.20373,-0.94381,-0.15093,-0.29400
-0.01383,-0.25967,-0.79548
-0.09781,0.97505,-0.19926,-0.94407,-0.15426,-0.29145
-0.14568,-0.08186,-0.92996
-0.07719,0.97910,-0.18818,-0.95103,-0.12897,-0.28092
-0.42678,-0.01378,-1.02209
0.05156,0.94295,-0.32893,-0.98390,-0.00847,-0.17853
-0.57948,-0.04237,-1.13171
0.06181,0.93699,-0.34384,-0.98853,0.00990,-0.15073
-0.67484,0.06839,-1.19701
0.07508,0.93136,-0.35629,-0.98959,0.02560,-0.14162
-0.14198,0.31014,-1.30942
0.03864,0.98382,-0.17494,-0.99541,0.05323,0.07950
-0.26405,0.27425,-1.39906
0.00873,0.98013,-0.19819,-0.98764,0.03947,0.15168
0.14062,0.14298,-1.14227
-0.20603,0.96154,-0.18164,-0.97816,-0.20759,0.01056
0.32442,-0.32468,-1.60578
-0.18675,0.96882,-0.16284,-0.98057,-0.19396,-0.02942
-0.07171,-0.50485,-1.11590
-0.19453,0.96767,-0.16055,-0.98056,-0.19614,0.00590
-0.06056,-0.01052,-0.74050
-0.10278,0.98933,-0.10328,-0.99372,-0.09749,0.05495
-0.57177,0.39663,-0.96766
-0.20308,0.95807,-0.20213,-0.77293,-0.03012,0.63378
-0.30666,0.13817,-0.83313
-0.23576,0.94583,-0.22320,-0.77185,-0.04269,0.63437
-0.28090,0.23772,-0.78590
-0.21199,0.94911,-0.23294,-0.77594,-0.01856,0.63053
-0.63305,0.29857,-1.10646
-0.23740,0.94581,-0.22156,-0.75801,-0.03773,0.65115
-0.75789,-0.06519,-0.93402
-0.26151,0.94394,-0.20148,-0.74341,-0.06385,0.66578
-0.62502,-0.12602,-0.51075
-0.34668,0.92072,-0.17913,-0.71781,-0.13749,0.68253
-1.22757,0.33840,-0.38485
-0.30387,0.94981,0.07427,-0.40608,-0.19965,0.89176
-0.24611,0.23982,-1.66204
-0.44913,0.88966,-0.08242,-0.57351,-0.21633,0.79012
-0.32258,0.56720,-1.82722
-0.43821,0.89164,-0.11379,-0.61488,-0.20501,0.76151
-0.05235,-0.01485,-0.98888
-0.36728,0.92669,-0.07965,-0.65338,-0.19611,0.73119
-0.09842,-0.20139,-0.65427
-0.37856,0.92450,-0.04469,-0.64282,-0.22786,0.73134
-1.56492,0.16687,-2.00692
-0.08375,0.99365,-0.07515,-0.67274,-0.00074,0.73988
-1.17363,-0.40549,-1.22481
-0.15081,0.98544,-0.07847,-0.66406,-0.04219,0.74649
-0.35422,-0.14498,-0.70890
-0.24259,0.96856,-0.05508,-0.71387,-0.13978,0.68619
-0.63776,-0.25801,-1.02843
-0.39865,0.90993,-0.11444,-0.74762,-0.25017,0.61521
-0.98475,0.40606,-1.51615
-0.04505,0.96955,-0.24072,-0.93261,0.04556,0.35801
-1.48587,0.32348,-0.76187
-0.07259,0.96099,-0.26690,-0.89592,0.05476,0.44083
-1.49908,-0.49259,0.06622
-0.14757,0.96043,-0.23621,-0.87141,-0.01329,0.49037
-0.85648,0.10906,-0.30874
-0.27991,0.85749,-0.43170,-0.87949,-0.04876,0.47341
0.59397,-0.23600,-0.89176
-0.47728,0.87089,0.11732,-0.87416,-0.45690,-0.16456
0.12560,0.19198,-0.86858
-0.12115,0.98986,0.07411,-0.87988,-0.07253,-0.46964
0.13559,0.70880,-1.26755
0.14954,0.98691,0.06042,-0.70145,0.14896,-0.69697
0.10658,-0.39357,-1.66767
-0.05170,0.99579,0.07573,-0.57355,0.03247,-0.81853
-0.68362,-0.03452,-1.42784
-0.02394,0.99680,0.07625,-0.63755,0.04353,-0.76918
-0.94173,0.03394,-0.99496
-0.00277,0.99949,0.03188,-0.65993,0.02213,-0.75100
-0.69969,0.49040,-0.99158
0.02388,0.99969,0.00765,-0.65045,0.02135,-0.75925
-0.31810,0.89634,-1.10795
0.02885,0.99958,0.00160,-0.60982,0.01887,-0.79232
-0.15163,0.56258,-0.74064
0.09039,0.99365,0.06699,-0.54323,0.10557,-0.83292
0.04440,0.14489,-0.87882
0.05528,0.99638,0.06459,-0.50389,0.08369,-0.85971
-0.13055,0.13272,-0.49947
0.02386,0.99824,0.05425,-0.46240,0.05914,-0.88470
-0.10345,0.45426,-0.68800
0.00112,0.99772,0.06753,-0.44150,0.06109,-0.89518
0.29488,0.17247,-0.63184
-0.06546,0.90767,0.41455,-0.36353,0.36520,-0.85702
0.39702,0.11999,-0.61281
-0.04414,0.91291,0.40576,-0.40872,0.35411,-0.84116
0.39154,0.44445,-0.79746
-0.03198,0.89089,0.45309,-0.48225,0.38331,-0.78772
0.33075,0.37794,-0.88171
-0.00720,0.88764,0.46047,-0.53515,0.38558,-0.75163
0.17426,0.18515,-0.75120
0.02363,0.89303,0.44937,-0.58851,0.37578,-0.71585
-0.04113,0.14391,-0.69231
0.06146,0.89954,0.43250,-0.63930,0.36825,-0.67505
-0.14810,0.08906,-0.71327
0.10184,0.90715,0.40830,-0.67627,0.36414,-0.64036
0.01036,0.14588,-0.89880
0.13278,0.91406,0.38323,-0.69681,0.36106,-0.61975
0.23833,0.20318,-1.18220
0.14982,0.91725,0.36907,-0.72346,0.35613,-0.59141
0.19260,0.26051,-1.21582
0.17436,0.91492,0.36403,-0.74750,0.36363,-0.55590
0.09004,0.25613,-1.04831
0.18870,0.91670,0.35220,-0.77515,0.35923,-0.51970
0.10506,0.47274,-1.08098
0.20326,0.91604,0.34576,-0.79558,0.36036,-0.48702
0.04088,0.53053,-0.99578
0.21000,0.91781,0.33694,-0.81363,0.35514,-0.46030
-0.01017,0.60774,-0.86188
0.21685,0.91718,0.33429,-0.81846,0.35746,-0.44984
-0.12347,0.49754,-0.98802
0.07122,0.90453,0.42043,-0.61317,0.37215,-0.69680
-0.00218,0.12735,-0.49506
0.06947,0.91751,0.39160,-0.61778,0.34778,-0.70526
0.16980,0.21192,-1.05169
0.11304,0.88472,0.45220,-0.61618,0.41945,-0.66662
0.03166,0.42126,-1.02498
0.11408,0.88740,0.44667,-0.61994,0.41491,-0.66598
0.08467,0.45281,-0.95241
0.11491,0.88797,0.44531,-0.60746,0.41751,-0.67578
0.11341,0.33039,-0.85936
0.11785,0.88921,0.44206,-0.59175,0.42038,-0.68783
0.18148,0.39011,-0.84085
0.12467,0.89042,0.43773,-0.63603,0.41033,-0.65353
0.11729,0.39547,-0.84184
0.13818,0.88760,0.43940,-0.64351,0.41771,-0.64141
0.11629,0.43143,-0.93048
0.15598,0.88587,0.43692,-0.63915,0.42777,-0.63914
0.12454,0.43046,-0.97675
0.15984,0.88539,0.43650,-0.64427,0.42859,-0.63342
0.09585,0.43532,-0.97237
0.16171,0.88698,0.43257,-0.64753,0.42615,-0.63174
0.08565,0.41007,-0.94412
0.16340,0.88969,0.42633,-0.64512,0.42330,-0.63611
0.10803,0.39306,-0.91976
0.16442,0.89280,0.41938,-0.63766,0.42059,-0.64536
0.13866,0.41491,-0.91830
0.16126,0.89281,0.42057,-0.63154,0.42082,-0.65121
0.15764,0.40907,-0.88517
0.15634,0.89187,0.42441,-0.62632,0.42178,-0.65561
0.10122,0.39355,-0.94217
0.15449,0.89243,0.42391,-0.66297,0.41176,-0.62524
0.07497,0.37995,-0.90516
0.16682,0.89647,0.41050,-0.65481,0.41200,-0.63363
0.05408,0.37169,-0.84964
0.17280,0.89654,0.40786,-0.64714,0.41551,-0.63918
0.09299,0.36342,-0.83112
0.17450,0.89554,0.40933,-0.63776,0.41953,-0.64596
0.23010,0.36437,-0.87492
0.16572,0.89230,0.41993,-0.63285,0.42280,-0.64864
0.26353,0.64657,-1.10922
0.11931,0.90635,0.40533,-0.64511,0.38110,-0.66227
0.28730,0.87337,-1.10439
0.14845,0.89225,0.42643,-0.62088,0.41972,-0.66207
0.40293,1.08221,-1.28216
0.17120,0.88198,0.43910,-0.59898,0.44703,-0.66437
0.52441,1.20364,-1.52712
0.20050,0.87322,0.44417,-0.56505,0.47344,-0.67570
0.49147,0.96222,-1.23634
0.23270,0.85747,0.45890,-0.54207,0.50612,-0.67082
-0.07799,0.18706,-0.26473
0.34149,0.88210,0.32448,-0.81157,0.45087,-0.37158
0.14030,0.05545,-0.57537
0.29318,0.90521,0.30762,-0.81716,0.40428,-0.41085
0.22172,0.58636,-1.12091
0.30990,0.88521,0.34693,-0.78873,0.44312,-0.42609
0.00374,1.04198,-1.20579
0.34925,0.84634,0.40216,-0.91213,0.40535,-0.06093
-1.99082,-0.07343,-2.00699
0.39269,0.81556,0.42504,-0.89635,0.44283,-0.02158
-0.03425,-0.02027,-0.56663
0.06171,0.91405,0.40089,-0.65695,0.33958,-0.67313
-0.01586,0.26627,-0.61733
0.07741,0.93315,0.35106,-0.68796,0.30485,-0.65862
-0.21395,0.52333,-1.11760
0.22217,0.77989,0.58517,-0.39824,0.62040,-0.67565
-0.08343,0.37505,-0.46396
0.34179,0.76175,0.55039,-0.41233,0.64783,-0.64055
-0.13980,0.22305,-0.46248
0.40594,0.74806,0.52500,-0.45354,0.66362,-0.59490
-0.16716,0.31201,-0.86040
0.42916,0.75629,0.49381,-0.48351,0.65415,-0.58164
0.02729,0.48293,-0.93977
0.05814,0.80237,0.59399,-0.47015,0.54689,-0.69272
0.09271,0.95458,-1.38449
0.06196,0.77318,0.63115,-0.48706,0.57538,-0.65705
-0.12143,0.47708,-0.64272
0.03154,0.79250,0.60905,-0.31658,0.58590,-0.74599
0.01223,0.65433,-0.71821
0.05129,0.77318,0.63211,-0.26214,0.62117,-0.73853
0.10894,0.79516,-0.78834
0.04179,0.76757,0.63960,-0.22178,0.63131,-0.74314
-0.04361,0.45423,-0.59838
0.17031,0.76171,0.62513,-0.24885,0.64708,-0.72066
0.00849,0.38181,-0.38650
0.19231,0.74012,0.64439,-0.24330,0.67210,-0.69934
0.07020,0.46972,-0.48147
0.20122,0.72911,0.65414,-0.24521,0.68403,-0.68700
0.13620,0.69608,-0.78491
0.19804,0.72189,0.66307,-0.26129,0.69086,-0.67412
0.14880,0.67377,-0.96851
0.20067,0.72236,0.66176,-0.27175,0.69004,-0.67082
0.01780,1.28529,-1.16541
0.04610,0.66854,0.74225,-0.34869,0.70707,-0.61520
-0.05078,1.40865,-1.10798
0.08140,0.62992,0.77238,-0.40065,0.73026,-0.55335
0.05269,0.52994,-0.44155
-0.08693,0.59752,0.79713,-0.17742,0.77808,-0.60259
0.04189,0.86264,-0.52538
-0.05713,0.57307,0.81751,-0.16542,0.80210,-0.57382
0.05695,0.94373,-0.48059
-0.04845,0.55850,0.82809,-0.16937,0.81246,-0.55787
0.02922,0.98794,-0.50398
-0.04402,0.55207,0.83264,-0.17664,0.81601,-0.55038
0.24901,0.36732,-1.10625
-0.11490,0.75375,0.64703,-0.02047,0.64941,-0.76016
0.09398,0.20122,-0.89489
-0.09681,0.76840,0.63261,-0.04168,0.63191,-0.77392
0.03177,0.06428,-0.90511
-0.08124,0.77473,0.62706,-0.05096,0.62508,-0.77889
-0.04728,0.79967,-1.30560
-0.07953,0.75485,0.65106,-0.05869,0.64845,-0.75899
-0.11530,0.75934,-1.10447
-0.09783,0.75548,0.64782,-0.05744,0.64557,-0.76154
0.23738,0.34059,-0.97865
-0.30402,0.95266,-0.00273,0.81238,0.26074,0.52158
0.13957,0.47177,-1.13406
-0.28683,0.95767,-0.02449,0.81218,0.25665,0.52392
0.06741,0.94100,-1.45267
-0.29601,0.95452,-0.03567,0.82705,0.27480,0.49038
0.11593,1.14937,-1.65774
-0.26857,0.96292,-0.02558,0.84160,0.24748,0.48007
-0.08322,0.64717,-1.26613
-0.19725,0.98035,0.00069,0.86038,0.17277,0.47948
-0.30582,0.33250,-1.16531
-0.14373,0.98959,0.00792,0.86455,0.12167,0.48759
0.16941,0.48473,-0.38696
-0.11681,0.92635,-0.35808,0.25659,0.37646,0.89019
0.43969,0.61778,-0.59634
0.14344,0.78221,-0.60627,-0.26641,0.62051,0.73756
0.55583,0.77901,-0.71956
0.21643,0.75934,-0.61365,-0.29653,0.64998,0.69971
0.17457,0.46157,-1.16765
-0.04320,0.82167,-0.56832,-0.02533,0.56777,0.82280
0.25742,0.00643,-0.88507
0.30195,0.90120,-0.31091,-0.66497,0.43280,0.60869
-0.03675,-0.09937,-0.89974
0.25159,0.91450,-0.31686,-0.68338,0.39969,0.61093
-0.15435,0.39832,-0.14303
0.57779,0.80754,0.11851,-0.74551,0.46305,0.47937
0.11028,0.09760,-0.00946
0.61086,0.76810,0.19202,-0.76719,0.51433,0.38325
0.29938,0.13110,-0.20423
0.63322,0.73065,0.25530,-0.76761,0.55066,0.32795
0.54381,0.37541,-0.59724
0.65426,0.70106,0.28364,-0.75590,0.59449,0.27423
0.68149,1.15163,-1.47837
0.68255,0.68111,0.26500,-0.73066,0.64395,0.22685
0.46283,1.99247,-2.00676
0.76894,0.63913,-0.01539,-0.62880,0.75172,-0.19881
0.60909,-1.82666,-0.29437
0.72799,0.68534,-0.01820,-0.67448,0.71119,-0.19823
-1.21645,1.62898,-1.32115
0.58336,0.55322,0.59467,-0.11192,0.77993,-0.61578
-0.29347,-0.50187,-1.19924
0.17677,0.97441,-0.13885,-0.17573,-0.10756,-0.97855
-0.10387,-0.19986,-1.06776
-0.04017,0.93403,-0.35494,-0.31790,-0.34872,-0.88167
-0.05564,-0.35823,-0.86852
0.02548,0.95316,-0.30138,-0.27172,-0.28353,-0.91966
-0.15044,-0.45922,-0.88801
0.01242,0.93413,-0.35672,-0.32274,-0.33391,-0.88563
-0.13343,-0.35434,-0.81838
-0.05425,0.93559,-0.34890,-0.33988,-0.34585,-0.87457
