-0.02811,0.33433,-0.95485
0.12527,0.94314,-0.30789,-0.44406,0.33081,0.83269
-0.04804,0.35278,-0.91346
0.10094,0.94071,-0.32386,-0.44112,0.33409,0.83295
-0.01937,0.37706,-0.93050
0.08009,0.93350,-0.34952,-0.28488,0.35746,0.88942
-0.06945,0.39019,-0.92175
0.07260,0.93174,-0.35579,-0.27485,0.36161,0.89090
-0.00672,0.35520,-0.92076
0.09863,0.93487,-0.34103,-0.29043,0.35482,0.88868
-0.03784,0.36444,-0.94512
0.09782,0.93822,-0.33194,-0.29815,0.34584,0.88966
-0.02520,0.36444,-0.92369
0.08197,0.93633,-0.34141,-0.30384,0.34973,0.88621
-0.01936,0.35278,-0.94901
0.10686,0.93822,-0.32913,-0.30723,0.34598,0.88651
-0.02909,0.37901,-0.91103
0.08421,0.93033,-0.35692,-0.28114,0.36582,0.88721
0.00106,0.39940,-0.91784
0.09604,0.92421,-0.36961,-0.25589,0.38177,0.88813
-0.05145,0.39406,-0.89642
0.07258,0.92466,-0.37380,-0.26027,0.37936,0.88789
-0.01937,0.39309,-0.92856
0.08814,0.92690,-0.36480,-0.25567,0.37501,0.89107
-0.03201,0.40232,-0.92369
0.08628,0.92407,-0.37236,-0.25518,0.38178,0.88833
-0.03006,0.37804,-0.92759
0.07537,0.93218,-0.35406,-0.25463,0.36129,0.89701
-0.01547,0.34501,-0.95095
0.11989,0.94024,-0.31872,-0.31075,0.34044,0.88743
-0.02277,0.35861,-0.94706
0.11308,0.94277,-0.31368,-0.31722,0.33343,0.88780
0.02392,0.34306,-0.93536
0.12637,0.94098,-0.31399,-0.31907,0.33826,0.88531
0.05649,0.36734,-0.94753
0.14126,0.93666,-0.32048,-0.31072,0.34931,0.88399
0.00689,0.39114,-0.90956
0.10724,0.92762,-0.35780,-0.19408,0.37248,0.90752
0.03461,0.39744,-0.90371
0.10265,0.92466,-0.36670,-0.18501,0.37996,0.90631
-0.00770,0.41688,-0.92272
0.11593,0.92409,-0.36418,-0.21470,0.38129,0.89918
0.01176,0.33821,-0.96702
0.09371,0.93255,-0.34867,-0.26760,0.36091,0.89338
0.01468,0.35763,-0.93439
0.11665,0.94135,-0.31663,-0.32095,0.33743,0.88495
0.00252,0.33967,-0.94608
0.12820,0.94407,-0.30379,-0.33565,0.32955,0.88246
-0.01548,0.37998,-0.92758
0.10290,0.93801,-0.33097,-0.27486,0.34660,0.89684
-0.00670,0.31003,-0.89640
0.13390,0.93842,-0.31849,-0.24665,0.34283,0.90644
0.03754,0.37413,-0.89883
0.12909,0.93108,-0.34121,-0.23622,0.36306,0.90133
0.01516,0.38483,-0.92417
0.12649,0.93084,-0.34284,-0.25744,0.36458,0.89488
0.03462,0.33917,-0.94120
0.11734,0.94356,-0.30972,-0.22144,0.32888,0.91804
0.03900,0.38093,-0.88471
0.12460,0.93774,-0.32421,-0.23871,0.34549,0.90755
0.02439,0.44310,-0.91249
0.10655,0.91497,-0.38920,-0.16441,0.40225,0.90065
0.00057,0.41784,-0.87694
0.07676,0.91586,-0.39410,-0.19212,0.40144,0.89551
-0.02424,0.44505,-0.90812
0.08797,0.91806,-0.38656,-0.19303,0.39642,0.89755
-0.03396,0.42320,-0.89350
0.08385,0.91427,-0.39633,-0.21827,0.40492,0.88792
-0.00819,0.42805,-0.89739
0.09432,0.91733,-0.38679,-0.22132,0.39812,0.89024
-0.01547,0.41785,-0.88522
0.08697,0.91629,-0.39095,-0.20940,0.40048,0.89206
-0.03444,0.40766,-0.90081
0.07123,0.92049,-0.38422,-0.21322,0.39035,0.89564
0.00300,0.41882,-0.91346
0.08965,0.91941,-0.38295,-0.21593,0.39329,0.89370
-0.02034,0.41057,-0.91249
0.08492,0.92515,-0.36999,-0.22463,0.37955,0.89749
-0.02033,0.37609,-0.91395
0.07463,0.93089,-0.35759,-0.23858,0.36484,0.89998
0.01370,0.38725,-0.92952
0.09715,0.93169,-0.35003,-0.24271,0.36325,0.89952
-0.02277,0.39018,-0.92856
0.08614,0.93238,-0.35108,-0.24494,0.36139,0.89967
-0.03346,0.35861,-0.92076
0.06676,0.93680,-0.34343,-0.25687,0.34874,0.90133
-0.02423,0.37609,-0.91882
0.07888,0.93494,-0.34593,-0.26409,0.35422,0.89710
-0.03153,0.37901,-0.94025
0.08273,0.93338,-0.34921,-0.25467,0.35858,0.89809
-0.06118,0.37173,-0.91785
0.06648,0.93569,-0.34651,-0.27718,0.35093,0.89444
-0.05826,0.34890,-0.92661
0.05554,0.93858,-0.34056,-0.29273,0.34141,0.89317
-0.01644,0.36929,-0.92515
0.07338,0.93639,-0.34320,-0.28908,0.34933,0.89129
-0.04076,0.37367,-0.92418
0.07101,0.93576,-0.34541,-0.28384,0.35092,0.89235
-0.07188,0.36056,-0.92077
0.05039,0.93637,-0.34738,-0.28962,0.34658,0.89219
-0.04173,0.35764,-0.91882
0.05669,0.93926,-0.33850,-0.30205,0.33929,0.89087
-0.04756,0.35764,-0.92807
0.06074,0.93794,-0.34144,-0.29635,0.34360,0.89113
-0.04708,0.36444,-0.93051
0.05557,0.94311,-0.32780,-0.28469,0.32965,0.90016
-0.02519,0.35521,-0.91979
0.05535,0.94181,-0.33155,-0.26087,0.33416,0.90569
-0.05048,0.35522,-0.92807
0.06023,0.94052,-0.33435,-0.27316,0.33770,0.90075
-0.05777,0.34793,-0.91979
0.04487,0.94260,-0.33089,-0.28664,0.32945,0.89961
-0.02277,0.38095,-0.91200
0.08476,0.93595,-0.34178,-0.25765,0.35194,0.89987
0.05020,0.31099,-0.88859
0.20028,0.93587,-0.28988,-0.40370,0.34842,0.84595
0.03995,0.48291,-0.87402
0.14984,0.90427,-0.39980,-0.21066,0.42428,0.88069
0.00056,0.46253,-0.89642
0.12033,0.90147,-0.41578,-0.21128,0.43248,0.87654
0.00251,0.45718,-0.87499
0.11088,0.89988,-0.42181,-0.21340,0.43609,0.87424
-0.07089,0.31102,-0.90713
0.13292,0.94231,-0.30720,-0.53803,0.32891,0.77610
-0.07333,0.29841,-0.96216
0.12261,0.95087,-0.28428,-0.58470,0.30066,0.75348
-0.08111,0.31297,-0.93635
0.12180,0.94725,-0.29644,-0.59016,0.30925,0.74570
-0.06748,0.27800,-0.93050
0.12790,0.94833,-0.29037,-0.57467,0.30948,0.75761
-0.07479,0.33240,-0.92272
0.11679,0.93920,-0.32289,-0.49681,0.33676,0.79986
-0.02132,0.43291,-0.91298
0.08492,0.92765,-0.36367,-0.35343,0.36930,0.85948
-0.03347,0.40669,-0.89983
0.10083,0.92177,-0.37439,-0.31979,0.38637,0.86513
-0.05049,0.40524,-0.92370
0.09777,0.92211,-0.37437,-0.30942,0.38569,0.86920
-0.06508,0.40524,-0.91348
0.08586,0.92449,-0.37141,-0.32016,0.37861,0.86842
-0.04513,0.39649,-0.89350
0.09505,0.92590,-0.36562,-0.32474,0.37603,0.86784
-0.04125,0.39650,-0.92613
0.09832,0.92594,-0.36465,-0.32148,0.37633,0.86892
-0.07188,0.39019,-0.90909
0.07875,0.92560,-0.37022,-0.31914,0.37523,0.87026
-0.04124,0.38387,-0.91395
0.08699,0.92780,-0.36280,-0.32053,0.37088,0.87161
-0.04709,0.40232,-0.92857
0.09615,0.92463,-0.36852,-0.32094,0.37926,0.86785
-0.05340,0.38581,-0.90519
0.08209,0.92577,-0.36906,-0.31504,0.37542,0.87167
-0.04756,0.37998,-0.90957
0.07441,0.92921,-0.36199,-0.32620,0.36570,0.87170
-0.03201,0.38095,-0.92418
0.08580,0.92898,-0.36005,-0.31925,0.36796,0.87332
-0.06993,0.37221,-0.90519
0.06881,0.92927,-0.36294,-0.32239,0.36500,0.87341
-0.03104,0.39455,-0.91785
0.08625,0.92773,-0.36315,-0.31584,0.37117,0.87320
-0.04611,0.38387,-0.91590
0.07949,0.92693,-0.36672,-0.31178,0.37255,0.87407
-0.09182,0.40039,-0.92761
0.06274,0.93079,-0.36014,-0.31505,0.36087,0.87779
-0.02616,0.34209,-0.90517
0.08863,0.93116,-0.35367,-0.27945,0.36406,0.88846
-0.03006,0.38289,-0.91249
0.08353,0.93088,-0.35564,-0.27089,0.36466,0.89087
-0.04075,0.35618,-0.91736
0.07303,0.93629,-0.34356,-0.28059,0.34985,0.89380
-0.02034,0.38678,-0.92612
0.07946,0.93149,-0.35499,-0.27343,0.36282,0.89084
-0.04270,0.37464,-0.92174
0.06686,0.93320,-0.35309,-0.27142,0.35755,0.89358
-0.05486,0.35619,-0.93635
0.04339,0.93816,-0.34346,-0.29201,0.34068,0.89368
-0.03833,0.37707,-0.94804
0.06512,0.94038,-0.33385,-0.29362,0.33780,0.89425
-0.04610,0.34696,-0.92807
0.04969,0.94088,-0.33508,-0.27685,0.33532,0.90051
-0.04416,0.36250,-0.93051
0.04981,0.94124,-0.33405,-0.28235,0.33409,0.89926
-0.07577,0.36542,-0.93149
0.03823,0.93936,-0.34079,-0.27337,0.33786,0.90062
-0.08549,0.35522,-0.90909
0.01503,0.93930,-0.34278,-0.27481,0.33349,0.90181
-0.07382,0.37513,-0.92370
0.02195,0.94161,-0.33598,-0.26023,0.32986,0.90746
-0.06410,0.35085,-0.93733
0.01980,0.94638,-0.32244,-0.21744,0.31886,0.92252
-0.09521,0.34600,-0.92078
0.00671,0.94972,-0.31303,-0.22047,0.30674,0.92591
-0.05145,0.33870,-0.92612
0.00896,0.95098,-0.30912,-0.22206,0.30331,0.92666
-0.04075,0.34405,-0.93684
0.03760,0.94961,-0.31116,-0.23413,0.31109,0.92109
-0.07479,0.34017,-0.92369
0.01823,0.94695,-0.32086,-0.23280,0.31611,0.91972
-0.07284,0.33239,-0.92174
0.00557,0.94721,-0.32055,-0.24511,0.31207,0.91789
-0.05485,0.33774,-0.93781
0.03626,0.95020,-0.30951,-0.28026,0.30695,0.90952
-0.05437,0.33579,-0.92758
0.03593,0.94653,-0.32060,-0.26413,0.31839,0.91042
-0.08646,0.35182,-0.92272
0.01322,0.94551,-0.32533,-0.25409,0.31786,0.91346
-0.05048,0.33676,-0.92515
0.02463,0.94785,-0.31777,-0.25520,0.31330,0.91472
-0.06945,0.34891,-0.95243
0.03386,0.94837,-0.31535,-0.25829,0.31311,0.91392
-0.09376,0.35620,-0.91981
0.02774,0.94041,-0.33892,-0.28721,0.33225,0.89840
-0.07576,0.34599,-0.92759
0.02802,0.94250,-0.33304,-0.28684,0.32674,0.90054
-0.06994,0.35183,-0.95292
0.07261,0.94565,-0.31697,-0.33625,0.32241,0.88486
-0.08403,0.32463,-0.93441
0.05658,0.94874,-0.31094,-0.35599,0.31014,0.88152
-0.07479,0.33580,-0.93538
0.05717,0.94715,-0.31564,-0.36229,0.31429,0.87748
-0.09376,0.33241,-0.95340
0.06855,0.94627,-0.31604,-0.36721,0.31848,0.87392
-0.08937,0.32851,-0.92759
0.05305,0.94731,-0.31588,-0.37088,0.31239,0.87456
-0.06604,0.34891,-0.94317
0.06754,0.94697,-0.31413,-0.37104,0.31611,0.87316
-0.07722,0.33337,-0.94999
0.07192,0.94604,-0.31597,-0.37012,0.31948,0.87232
-0.07819,0.32948,-0.92856
0.04871,0.94675,-0.31826,-0.36633,0.31337,0.87613
-0.06750,0.33628,-0.93538
0.06591,0.94662,-0.31555,-0.37438,0.31660,0.87155
-0.07479,0.33240,-0.93830
0.07281,0.94596,-0.31602,-0.36539,0.32013,0.87408
-0.07381,0.32025,-0.92272
0.05331,0.94778,-0.31445,-0.37031,0.31121,0.87523
-0.04513,0.33530,-0.93732
0.06929,0.94656,-0.31500,-0.37310,0.31743,0.87180
-0.07284,0.32414,-0.93148
0.06042,0.94773,-0.31330,-0.36069,0.31339,0.87846
-0.07042,0.34308,-0.94707
0.06608,0.94694,-0.31454,-0.36418,0.31637,0.87594
-0.06992,0.31103,-0.92710
0.03740,0.95300,-0.30066,-0.34056,0.29502,0.89274
-0.05145,0.33433,-0.93489
0.05732,0.95186,-0.30113,-0.34263,0.30206,0.88959
-0.06506,0.32657,-0.93732
0.06503,0.94821,-0.31093,-0.35175,0.31337,0.88209
-0.09959,0.32269,-0.93538
0.04641,0.94943,-0.31053,-0.36126,0.30578,0.88090
-0.06847,0.32220,-0.93343
0.04735,0.94950,-0.31017,-0.35961,0.30590,0.88154
-0.06994,0.34211,-0.96119
0.06730,0.94746,-0.31272,-0.35719,0.31554,0.87912
-0.09716,0.31929,-0.93928
0.04723,0.94846,-0.31336,-0.35140,0.30943,0.88361
-0.05826,0.33434,-0.92953
0.05082,0.94837,-0.31305,-0.35292,0.31029,0.88270
-0.07528,0.33823,-0.95876
0.06687,0.94844,-0.30981,-0.35469,0.31282,0.88110
-0.10640,0.32415,-0.93928
0.04451,0.94858,-0.31338,-0.35452,0.30827,0.88277
-0.07090,0.32851,-0.92515
0.04456,0.94896,-0.31224,-0.35697,0.30704,0.88221
-0.08111,0.32317,-0.93830
0.05660,0.94830,-0.31228,-0.35771,0.31127,0.88043
-0.08354,0.31734,-0.92759
0.02936,0.94961,-0.31205,-0.35309,0.30191,0.88554
-0.05680,0.33045,-0.93245
0.05219,0.94918,-0.31037,-0.35372,0.30821,0.88311
-0.05777,0.32851,-0.93781
0.06444,0.94892,-0.30887,-0.35869,0.31086,0.88018
-0.06797,0.31102,-0.92515
0.04291,0.94964,-0.31039,-0.35491,0.30490,0.88378
-0.04853,0.32656,-0.94219
0.05779,0.94792,-0.31324,-0.35713,0.31262,0.88018
-0.07284,0.32511,-0.93440
0.05753,0.94837,-0.31192,-0.35146,0.31167,0.88280
-0.10396,0.30278,-0.92856
0.03621,0.94903,-0.31311,-0.35775,0.30487,0.88265
-0.06361,0.33968,-0.95486
0.05691,0.94815,-0.31270,-0.35862,0.31172,0.87990
-0.09618,0.32560,-0.93879
0.05286,0.94732,-0.31589,-0.35192,0.31371,0.88189
-0.11418,0.33726,-0.93344
0.03846,0.94793,-0.31614,-0.35974,0.30830,0.88065
-0.06702,0.33726,-0.97044
0.06306,0.94934,-0.30786,-0.35915,0.30939,0.88050
-0.07478,0.30714,-0.92953
0.05680,0.94528,-0.32128,-0.35996,0.31955,0.87654
-0.09521,0.32220,-0.93636
0.04386,0.94894,-0.31240,-0.36617,0.30621,0.87872
-0.03881,0.33433,-0.95047
0.07413,0.94773,-0.31034,-0.36310,0.31548,0.87671
-0.07284,0.31977,-0.92418
0.05590,0.94661,-0.31751,-0.36209,0.31558,0.87710
-0.09181,0.32317,-0.93149
0.03928,0.94975,-0.31052,-0.36517,0.30291,0.88028
-0.05777,0.34211,-0.93635
0.06403,0.94706,-0.31461,-0.36894,0.31539,0.87431
-0.06847,0.32851,-0.94122
0.06983,0.94745,-0.31220,-0.36677,0.31543,0.87521
-0.06993,0.36736,-0.90811
0.06889,0.94338,-0.32447,-0.34126,0.32791,0.88092
-0.03881,0.34793,-0.93245
0.06811,0.94149,-0.33007,-0.33117,0.33342,0.88270
-0.03881,0.37318,-0.92418
0.08035,0.93871,-0.33522,-0.32559,0.34258,0.88127
-0.06556,0.38921,-0.91104
0.08030,0.93188,-0.35376,-0.31001,0.36065,0.87967
-0.07042,0.36056,-0.91980
0.06025,0.93770,-0.34218,-0.31926,0.34290,0.88346
-0.05242,0.36056,-0.91980
0.06353,0.93797,-0.34084,-0.31946,0.34267,0.88347
-0.06750,0.36834,-0.93733
0.07323,0.93773,-0.33956,-0.31186,0.34493,0.88531
-0.06944,0.36445,-0.91347
0.05557,0.93601,-0.34756,-0.30230,0.34753,0.88760
-0.08549,0.37902,-0.91981
0.02881,0.93627,-0.35010,-0.28560,0.34336,0.89473
-0.03880,0.35520,-0.87791
0.03560,0.94244,-0.33248,-0.23843,0.33109,0.91298
-0.06117,0.34987,-0.90908
0.02180,0.94071,-0.33850,-0.24384,0.33336,0.91072
-0.02325,0.38192,-0.91054
0.05052,0.93867,-0.34110,-0.24039,0.34292,0.90808
-0.06993,0.36930,-0.91201
0.02368,0.93520,-0.35333,-0.20365,0.35054,0.91414
0.01322,0.35423,-0.94510
0.05453,0.94935,-0.30944,-0.17820,0.31418,0.93249
0.05456,0.35761,-0.89444
0.11673,0.94917,-0.29232,-0.19802,0.31067,0.92966
0.05892,0.35616,-0.94412
0.13401,0.94415,-0.30104,-0.20708,0.32375,0.92320
0.04191,0.35520,-0.94169
0.14359,0.94047,-0.30805,-0.20746,0.33297,0.91983
0.06572,0.27556,-1.05758
0.16725,0.94637,-0.27643,-0.26137,0.31291,0.91311
0.06962,0.34790,-0.93924
0.14961,0.94373,-0.29495,-0.24116,0.32412,0.91476
-0.01452,0.52081,-0.87647
0.13539,0.93661,-0.32315,-0.18689,0.34444,0.92002
0.05358,0.36538,-0.90175
0.12193,0.93222,-0.34072,-0.15578,0.35700,0.92102
0.08761,0.37412,-0.92512
0.14890,0.93442,-0.32356,-0.18373,0.34765,0.91945
0.04385,0.37899,-0.93439
0.15377,0.93095,-0.33118,-0.20920,0.35824,0.90989
0.05066,0.37510,-0.91393
0.14115,0.93116,-0.33618,-0.21002,0.36001,0.90900
0.04190,0.37511,-0.92513
0.13201,0.93392,-0.33223,-0.21690,0.35425,0.90965
0.05795,0.39161,-0.92367
0.14939,0.92862,-0.33962,-0.22308,0.36627,0.90337
0.04482,0.39113,-0.91247
0.14347,0.92700,-0.34653,-0.22034,0.37128,0.90200
0.03704,0.38676,-0.91783
0.13675,0.92429,-0.35635,-0.22660,0.37938,0.89706
0.04627,0.41881,-0.91881
0.14707,0.92148,-0.35952,-0.23068,0.38540,0.89345
0.02343,0.39065,-0.90809
0.12683,0.92518,-0.35770,-0.22270,0.37797,0.89864
0.00884,0.39745,-0.91492
0.11302,0.92546,-0.36159,-0.22540,0.37831,0.89782
0.04190,0.40910,-0.91783
0.13074,0.92328,-0.36120,-0.22880,0.38259,0.89514
0.00592,0.40522,-0.91102
0.11820,0.92392,-0.36387,-0.22336,0.38179,0.89685
0.02926,0.39356,-0.91150
0.11587,0.92622,-0.35874,-0.22820,0.37634,0.89794
0.00299,0.40911,-0.93343
0.12204,0.92524,-0.35921,-0.22949,0.37841,0.89674
-0.03882,0.43340,-0.88718
0.06979,0.91417,-0.39928,-0.20502,0.40486,0.89110
-0.15453,0.38000,-0.87356
-0.05239,0.91691,-0.39563,-0.25707,0.37044,0.89258
-0.14823,0.47713,-0.86530
-0.02307,0.89093,-0.45355,-0.25275,0.43373,0.86487
-0.16427,0.46548,-0.85361
-0.03642,0.88434,-0.46541,-0.25845,0.44154,0.85921
-0.17886,0.46256,-0.85264
-0.04322,0.88424,-0.46502,-0.27364,0.43718,0.85674
-0.16720,0.48199,-0.86238
-0.02944,0.88383,-0.46689,-0.28378,0.44048,0.85173
-0.11614,0.42322,-0.92567
0.06334,0.91410,-0.40052,-0.37775,0.39342,0.83817
-0.11321,0.40039,-0.91056
0.06827,0.91912,-0.38801,-0.38044,0.38351,0.84154
-0.07286,0.41689,-0.89595
0.07611,0.91725,-0.39097,-0.35464,0.39137,0.84915
-0.04757,0.40135,-0.89643
0.08497,0.91213,-0.40099,-0.34233,0.40467,0.84797
-0.04222,0.38921,-0.92077
0.10127,0.92804,-0.35844,-0.39741,0.36804,0.84060
-0.08742,0.27801,-0.94804
0.08800,0.95509,-0.28295,-0.55085,0.28333,0.78504
-0.07819,0.29258,-0.95972
0.10751,0.95397,-0.27997,-0.54668,0.29193,0.78481
-0.07576,0.28384,-0.96411
0.10530,0.95486,-0.27777,-0.53569,0.28980,0.79313
-0.07964,0.29306,-0.93537
0.08797,0.94892,-0.30299,-0.50120,0.30503,0.80979
-0.07285,0.37805,-0.91883
0.08543,0.93188,-0.35256,-0.38959,0.35692,0.84901
-0.05389,0.37999,-0.92662
0.09575,0.93123,-0.35163,-0.38074,0.36066,0.85145
-0.07528,0.37562,-0.91883
0.08352,0.93080,-0.35585,-0.38130,0.35977,0.85157
-0.07771,0.35668,-0.91590
0.07329,0.93339,-0.35130,-0.38681,0.35128,0.85263
-0.05048,0.35182,-0.93343
0.09157,0.94139,-0.32466,-0.40404,0.33311,0.85193
-0.07090,0.32948,-0.92466
0.08239,0.94301,-0.32242,-0.40917,0.32700,0.85185
-0.08354,0.33531,-0.93879
0.07352,0.94632,-0.31477,-0.41496,0.31603,0.85319
-0.03444,0.37804,-0.93538
0.09360,0.93477,-0.34271,-0.34461,0.35336,0.86970
-0.03104,0.37318,-0.93635
0.09664,0.93637,-0.33745,-0.31779,0.35032,0.88107
-0.04853,0.35279,-0.91492
0.09044,0.93682,-0.33792,-0.32378,0.34854,0.87959
-0.00378,0.28964,-0.92415
0.14319,0.95700,-0.25230,-0.45869,0.29006,0.83992
-0.02275,0.24060,-0.98016
0.12644,0.97104,-0.20272,-0.64398,0.23580,0.72780
-0.00913,0.22360,-0.98794
0.14410,0.96986,-0.19648,-0.64399,0.24266,0.72553
-0.03539,0.27265,-0.94510
0.15411,0.95934,-0.23646,-0.62019,0.28023,0.73269
-0.01450,0.34015,-0.93878
0.16034,0.93849,-0.30582,-0.48517,0.34475,0.80359
-0.03056,0.41397,-0.91737
0.14219,0.91644,-0.37406,-0.35549,0.39997,0.84478
-0.03882,0.38824,-0.91590
0.12591,0.92348,-0.36240,-0.35968,0.38294,0.85087
-0.02714,0.36055,-0.91687
0.12743,0.93541,-0.32980,-0.39894,0.35277,0.84640
-0.01450,0.36347,-0.94073
0.13943,0.93686,-0.32071,-0.40804,0.34945,0.84343
-0.00287,0.51451,-0.95488
0.12759,0.93883,-0.31986,-0.41073,0.34356,0.84455
-0.00768,0.34500,-0.90517
0.13808,0.93732,-0.31995,-0.40738,0.34820,0.84427
-0.03104,0.38532,-0.93051
0.13139,0.93115,-0.34013,-0.37629,0.36427,0.85189
-0.03590,0.37901,-0.91590
0.12305,0.93074,-0.34436,-0.36416,0.36514,0.85678
-0.04076,0.37901,-0.91006
0.10371,0.93140,-0.34890,-0.35234,0.36245,0.86284
-0.01597,0.38823,-0.93538
0.12645,0.92982,-0.34562,-0.34766,0.36786,0.86245
-0.04514,0.39212,-0.91883
0.11859,0.92647,-0.35720,-0.34219,0.37583,0.86120
-0.01109,0.36443,-0.89056
0.13367,0.92699,-0.35047,-0.35031,0.37501,0.85829
0.04046,0.28381,-0.97674
0.18937,0.95608,-0.22374,-0.50217,0.29011,0.81465
0.07499,0.29157,-0.94508
0.22692,0.94805,-0.22295,-0.52848,0.31216,0.78947
0.10706,0.39452,-0.92707
0.21601,0.91360,-0.34449,-0.33094,0.40044,0.85448
0.08274,0.40812,-0.91880
0.21457,0.90873,-0.35801,-0.29775,0.40996,0.86214
0.07108,0.39937,-0.88714
0.20519,0.90808,-0.36509,-0.28684,0.41244,0.86464
0.06135,0.46057,-0.87742
0.24078,0.87737,-0.41502,-0.23049,0.46705,0.85366
-0.00284,0.26878,-1.04931
0.04739,0.93773,-0.34413,-0.37871,0.33566,0.86250
0.22760,0.39355,-1.12818
0.31214,0.91943,-0.23921,-0.42874,0.36101,0.82816
-0.05582,0.32753,-0.92174
0.10502,0.95352,-0.28242,-0.48075,0.29728,0.82493
-0.03101,0.25760,-0.95581
0.12225,0.95966,-0.25320,-0.56260,0.27718,0.77888
-0.04074,0.27266,-0.95143
0.12364,0.95855,-0.25672,-0.59386,0.27873,0.75475
-0.09083,0.31880,-0.93343
0.05542,0.94927,-0.30955,-0.40120,0.30507,0.86370
-0.07041,0.35959,-0.91444
0.03823,0.93886,-0.34218,-0.25772,0.34011,0.90438
-0.05049,0.38193,-0.92516
0.03772,0.93776,-0.34524,-0.24151,0.34380,0.90746
-0.05583,0.39552,-0.89545
0.05079,0.93233,-0.35803,-0.22861,0.35983,0.90458
0.01712,0.43725,-0.80291
0.19744,0.92478,-0.32526,-0.35139,0.37650,0.85719
0.06427,0.35082,-0.96652
0.24060,0.94079,-0.23880,-0.52971,0.33343,0.77989
0.07205,0.30760,-0.98599
0.22641,0.94542,-0.23433,-0.52490,0.32108,0.78828
0.17901,0.46735,-0.91878
0.23764,0.89584,-0.37551,-0.27751,0.43308,0.85757
0.01760,0.42852,-0.85356
0.12526,0.90102,-0.41530,-0.19629,0.43283,0.87985
-0.19534,0.19255,-0.90811
0.05634,0.95286,-0.29812,-0.38638,0.29614,0.87351
0.03072,0.31004,-0.98210
0.19201,0.95509,-0.22569,-0.54739,0.29510,0.78312
0.01323,0.31878,-0.93828
0.16882,0.94529,-0.27915,-0.48283,0.32622,0.81268
-0.00769,0.34987,-0.93634
0.13228,0.93725,-0.32258,-0.38033,0.34853,0.85667
-0.04173,0.37998,-0.92272
0.08743,0.93247,-0.35051,-0.29712,0.36025,0.88427
-0.03784,0.39309,-0.90519
0.08007,0.93172,-0.35424,-0.30269,0.36133,0.88194
-0.02033,0.37609,-0.91882
0.08890,0.93541,-0.34221,-0.29487,0.35289,0.88799
-0.04319,0.37707,-0.92856
0.08931,0.93363,-0.34693,-0.29776,0.35742,0.88521
-0.03103,0.38095,-0.91346
0.08875,0.93378,-0.34667,-0.30086,0.35692,0.88436
-0.03492,0.35764,-0.91882
0.08776,0.94093,-0.32703,-0.31334,0.33771,0.88756
-0.02374,0.33239,-0.95095
0.10510,0.94991,-0.29431,-0.36113,0.31220,0.87870
-0.02422,0.31199,-0.94803
0.09908,0.95205,-0.28945,-0.36891,0.30530,0.87789
-0.03540,0.29159,-0.94900
0.08108,0.95900,-0.27156,-0.35688,0.28233,0.89046
-0.03005,0.30228,-0.94218
0.09820,0.95891,-0.26618,-0.37304,0.28344,0.88346
-0.00574,0.31198,-0.93877
0.13127,0.95813,-0.25446,-0.43780,0.28632,0.85226
-0.00573,0.24982,-0.95872
0.14135,0.96278,-0.23039,-0.52647,0.27019,0.80612
-0.01254,0.27508,-0.94802
0.13977,0.96040,-0.24103,-0.53170,0.27815,0.79995
-0.02616,0.30568,-0.93975
0.13358,0.95086,-0.27932,-0.41366,0.30962,0.85617
-0.02811,0.33627,-0.93050
0.10467,0.94138,-0.32069,-0.31543,0.33723,0.88700
-0.02957,0.35084,-0.93635
0.10146,0.94269,-0.31788,-0.30996,0.33358,0.89031
-0.03444,0.37416,-0.94171
0.11160,0.93961,-0.32355,-0.31054,0.34226,0.88680
-0.01012,0.35861,-0.93147
0.10694,0.93877,-0.32753,-0.29365,0.34454,0.89166
-0.01109,0.36152,-0.91881
0.10718,0.93865,-0.32778,-0.29971,0.34485,0.88952
-0.03978,0.36784,-0.91590
0.10029,0.93758,-0.33300,-0.30591,0.34753,0.88636
-0.03200,0.35618,-0.92515
0.09201,0.93998,-0.32859,-0.30689,0.34069,0.88868
-0.02520,0.36784,-0.92417
0.09185,0.93873,-0.33219,-0.30885,0.34400,0.88672
-0.00915,0.37609,-0.92758
0.09766,0.93840,-0.33147,-0.30578,0.34524,0.88730
-0.03298,0.35084,-0.94414
0.09223,0.94367,-0.31779,-0.31381,0.33043,0.89013
-0.06215,0.34308,-0.93051
0.08287,0.94461,-0.31756,-0.33151,0.32664,0.88510
-0.06212,0.14251,-0.99476
0.03877,0.95722,-0.28676,-0.32354,0.28354,0.90273
-0.04806,0.37367,-0.94074
0.07981,0.93947,-0.33322,-0.29848,0.34147,0.89124
-0.04756,0.37221,-0.91493
0.07125,0.93606,-0.34454,-0.29015,0.34993,0.89071
-0.03540,0.36152,-0.91200
0.06772,0.93931,-0.33632,-0.29199,0.34100,0.89357
-0.04514,0.37707,-0.93441
0.07562,0.93818,-0.33779,-0.29422,0.34467,0.89142
-0.06701,0.35716,-0.91980
0.06385,0.93703,-0.34335,-0.29460,0.34642,0.89062
-0.03493,0.39649,-0.91980
0.04962,0.93282,-0.35691,-0.26448,0.35686,0.89593
-0.07237,0.37513,-0.93344
0.06947,0.92986,-0.36130,-0.25862,0.36658,0.89372
-0.04076,0.37221,-0.91492
0.08799,0.93651,-0.33941,-0.31277,0.34948,0.88320
-0.03444,0.37415,-0.92612
0.08450,0.93692,-0.33919,-0.30245,0.34846,0.88719
-0.04952,0.38096,-0.93441
0.08737,0.93601,-0.34095,-0.30472,0.35097,0.88542
-0.07236,0.37125,-0.91785
0.07908,0.93517,-0.34526,-0.31392,0.35209,0.88175
-0.03784,0.36347,-0.92174
0.08068,0.93818,-0.33663,-0.31106,0.34456,0.88573
-0.02715,0.40038,-0.92467
0.09414,0.92899,-0.35792,-0.27910,0.36973,0.88623
0.00689,0.33433,-0.98893
0.08077,0.94738,-0.30977,-0.29796,0.31952,0.89951
-0.00039,0.35375,-0.91783
0.10268,0.93881,-0.32876,-0.31028,0.34425,0.88613
-0.00964,0.37901,-0.93537
0.11235,0.93716,-0.33031,-0.30907,0.34889,0.88473
-0.01450,0.37172,-0.91979
0.10535,0.93594,-0.33603,-0.30602,0.35202,0.88455
-0.03735,0.36055,-0.91590
0.09296,0.93700,-0.33673,-0.30586,0.34872,0.88592
-0.02617,0.38678,-0.91687
0.08575,0.93413,-0.34649,-0.29231,0.35605,0.88757
-0.04417,0.38970,-0.92077
0.09302,0.93228,-0.34957,-0.29469,0.36114,0.88472
-0.01207,0.40134,-0.88862
0.07694,0.93577,-0.34411,-0.29626,0.35100,0.88827
-0.01937,0.38581,-0.93148
0.09773,0.93603,-0.33807,-0.29689,0.35165,0.88781
-0.03493,0.38484,-0.92077
0.09746,0.93147,-0.35053,-0.29535,0.36340,0.88357
-0.05583,0.37610,-0.91883
0.08785,0.93362,-0.34732,-0.30657,0.35709,0.88233
-0.02519,0.36541,-0.91443
0.08875,0.93679,-0.33845,-0.30744,0.34896,0.88527
-0.00770,0.38289,-0.94073
0.11601,0.93795,-0.32680,-0.31568,0.34678,0.88323
-0.03249,0.37609,-0.92174
0.10268,0.93739,-0.33280,-0.31466,0.34800,0.88311
-0.04027,0.35084,-0.91882
0.07966,0.93974,-0.33247,-0.30695,0.34045,0.88875
-0.07477,0.22313,-0.96750
0.06187,0.94061,-0.33381,-0.29015,0.33696,0.89570
-0.01451,0.38192,-0.94999
0.09892,0.93553,-0.33911,-0.28169,0.35317,0.89214
0.00206,0.39015,-0.81118
0.05665,0.95932,-0.27658,-0.51443,0.26547,0.81541
-0.27802,0.21492,-0.93882
-0.08419,0.94485,-0.31651,-0.63458,0.19406,0.74810
-0.22649,0.27318,-0.93541
-0.02863,0.94200,-0.33438,-0.61457,0.24723,0.74912
-0.22988,0.24793,-0.92469
-0.02447,0.94179,-0.33532,-0.59420,0.25604,0.76248
-0.23426,0.26541,-0.92518
-0.03702,0.93877,-0.34255,-0.58405,0.25782,0.76969
-0.22162,0.27998,-0.92567
-0.02068,0.94045,-0.33930,-0.58382,0.26414,0.76772
-0.27269,0.26834,-0.95685
0.00173,0.94287,-0.33316,-0.54514,0.28019,0.79014
-0.12342,0.39117,-0.90910
0.01362,0.93563,-0.35271,-0.32440,0.33780,0.88355
-0.09960,0.38097,-0.93150
0.01236,0.93835,-0.34546,-0.30893,0.33217,0.89120
-0.11223,0.35183,-0.92176
0.00825,0.94079,-0.33888,-0.30183,0.32542,0.89610
-0.13120,0.34795,-0.91884
-0.01090,0.94128,-0.33746,-0.30761,0.31796,0.89681
-0.10592,0.35863,-0.93247
0.00347,0.94248,-0.33423,-0.30231,0.31958,0.89804
-0.10689,0.36640,-0.93345
0.01616,0.94159,-0.33638,-0.30188,0.32532,0.89612
-0.11855,0.34212,-0.91250
-0.00969,0.94208,-0.33524,-0.29211,0.31797,0.90198
-0.08646,0.36251,-0.91980
0.02926,0.94531,-0.32486,-0.31314,0.31731,0.89513
-0.08549,0.36348,-0.91347
0.03791,0.94517,-0.32438,-0.30876,0.31981,0.89576
-0.08986,0.33143,-0.92516
0.01742,0.94773,-0.31859,-0.31906,0.30725,0.89655
-0.04659,0.35619,-0.94512
0.04953,0.94430,-0.32533,-0.29720,0.32491,0.89783
-0.02083,0.43971,-0.91006
0.11550,0.91126,-0.39530,-0.24253,0.41179,0.87841
0.03218,0.41784,-0.87790
0.14352,0.90707,-0.39577,-0.24339,0.41998,0.87429
0.03266,0.41299,-0.90371
0.16520,0.91988,-0.35571,-0.27764,0.38946,0.87820
0.00835,0.40814,-0.91492
0.15748,0.92080,-0.35684,-0.28946,0.38852,0.87479
0.03898,0.40327,-0.91053
0.16772,0.91865,-0.35770,-0.29415,0.39295,0.87125
0.03557,0.42416,-0.91492
0.16422,0.91190,-0.37612,-0.27689,0.40858,0.86971
0.05455,0.38287,-0.91685
0.19205,0.92674,-0.32292,-0.34092,0.37155,0.86355
-0.09376,0.40136,-0.87988
0.22864,0.93694,-0.26433,-0.51394,0.34677,0.78461
-0.03733,0.23041,-0.97529
0.09410,0.96541,-0.24315,-0.54394,0.25441,0.79963
-0.11123,0.21196,-0.94121
0.01996,0.97654,-0.21439,-0.52975,0.19219,0.82609
-0.00278,0.13520,-0.95627
0.13517,0.98013,-0.14520,-0.72850,0.19764,0.65592
0.05165,0.20611,-1.01568
0.15984,0.97905,-0.12617,-0.68130,0.20190,0.70361
-0.06842,0.07404,-1.01033
0.05796,0.97990,-0.19090,-0.57610,0.18901,0.79523
-0.12585,0.34310,-0.95488
-0.03377,0.95459,-0.29600,-0.34702,0.26655,0.89918
-0.13556,0.33823,-0.87744
0.01214,0.94541,-0.32567,-0.37271,0.30650,0.87587
-0.07383,0.34309,-0.98603
0.07794,0.95436,-0.28829,-0.39130,0.29525,0.87161
-0.03345,0.34113,-0.91443
0.08073,0.94519,-0.31637,-0.36438,0.32342,0.87328
-0.03881,0.35959,-0.93538
0.06113,0.94619,-0.31779,-0.35881,0.31794,0.87759
-0.04416,0.35862,-0.93538
0.08628,0.94663,-0.31056,-0.33521,0.32113,0.88573
-0.05583,0.35619,-0.93976
0.07689,0.94542,-0.31666,-0.32211,0.32412,0.88949
-0.03784,0.35278,-0.92369
0.08125,0.94368,-0.32072,-0.32286,0.32936,0.88729
-0.05534,0.35862,-0.93148
0.07635,0.94221,-0.32620,-0.32016,0.33300,0.88691
-0.07528,0.35279,-0.92516
0.05748,0.94267,-0.32874,-0.32414,0.32907,0.88693
-0.02617,0.34987,-0.93050
0.07810,0.94363,-0.32166,-0.32686,0.32905,0.88594
-0.11854,0.27073,-0.95778
0.04786,0.95955,-0.27744,-0.44987,0.26870,0.85171
-0.13654,0.27511,-0.96315
0.02895,0.95958,-0.27993,-0.50126,0.25623,0.82649
-0.12925,0.28774,-0.98701
0.03677,0.95785,-0.28490,-0.46351,0.26892,0.84430
-0.20315,0.26735,-0.93784
-0.06253,0.94579,-0.31871,-0.49444,0.24803,0.83307
-0.20315,0.32562,-0.89450
-0.05827,0.94307,-0.32744,-0.47666,0.26191,0.83917
-0.21287,0.25618,-0.94904
-0.07555,0.95145,-0.29839,-0.45326,0.23377,0.86018
-0.11953,0.33824,-0.93978
-0.07394,0.94271,-0.32531,-0.35681,0.27960,0.89135
-0.17447,0.36156,-0.91252
-0.06085,0.93241,-0.35625,-0.29345,0.32442,0.89924
-0.12731,0.37466,-0.89449
-0.01535,0.93539,-0.35329,-0.29645,0.33318,0.89505
-0.13021,0.29939,-0.93149
-0.00235,0.95717,-0.28953,-0.33935,0.27159,0.90060
-0.06310,0.25177,-0.92075
0.05071,0.97129,-0.23243,-0.52406,0.22399,0.82170
-0.14284,0.22557,-0.95242
0.01228,0.97262,-0.23207,-0.53835,0.20201,0.81815
-0.10589,0.23431,-0.95972
0.03901,0.96722,-0.25091,-0.53650,0.23211,0.81135
-0.14917,0.24694,-0.94902
0.02698,0.96571,-0.25821,-0.52904,0.23296,0.81599
-0.12535,0.26831,-0.94999
0.03951,0.96295,-0.26676,-0.52388,0.24729,0.81510
-0.06604,0.37416,-0.89740
0.09053,0.93470,-0.34370,-0.43182,0.34783,0.83219
-0.04951,0.38581,-0.92272
0.10756,0.92931,-0.35330,-0.39117,0.36626,0.84430
-0.03346,0.35958,-0.91979
0.11132,0.93196,-0.34506,-0.39906,0.35991,0.84334
-0.04270,0.37270,-0.91687
0.10299,0.93391,-0.34235,-0.39867,0.35409,0.84598
-0.07772,0.38291,-0.93149
0.08182,0.93497,-0.34515,-0.39806,0.34815,0.84873
-0.09668,0.37271,-0.93637
0.07423,0.93670,-0.34218,-0.40227,0.34210,0.84920
-0.10008,0.34309,-0.93052
0.06830,0.93832,-0.33895,-0.40244,0.33679,0.85124
-0.13752,0.37417,-0.90716
0.04738,0.93669,-0.34694,-0.40494,0.33552,0.85056
-0.12147,0.28531,-0.96509
-0.00949,0.94481,-0.32747,-0.40507,0.29578,0.86512
-0.16521,0.29356,-0.89546
0.01017,0.95349,-0.30127,-0.54352,0.25816,0.79871
-0.18418,0.23772,-0.93929
-0.02148,0.96095,-0.27588,-0.52778,0.22346,0.81946
-0.16959,0.23821,-0.95243
-0.00956,0.96281,-0.27002,-0.53057,0.22400,0.81751
-0.14285,0.24597,-0.94999
0.00548,0.96399,-0.26588,-0.53450,0.22754,0.81396
-0.14675,0.29162,-0.95000
0.03124,0.95992,-0.27851,-0.52160,0.25336,0.81471
-0.14480,0.27511,-0.93831
0.02269,0.95797,-0.28596,-0.50255,0.25820,0.82509
-0.12875,0.27316,-0.93441
0.01659,0.95913,-0.28249,-0.49499,0.25336,0.83114
-0.14287,0.31494,-0.96413
0.04680,0.95469,-0.29389,-0.48932,0.27840,0.82647
-0.14188,0.27365,-0.95243
0.03012,0.95836,-0.28398,-0.48864,0.26197,0.83223
-0.12827,0.27607,-0.94171
0.03401,0.95666,-0.28922,-0.47992,0.26947,0.83491
-0.08014,0.34212,-0.95097
0.07769,0.94781,-0.30921,-0.40185,0.31361,0.86033
-0.08938,0.33920,-0.92418
0.07100,0.94435,-0.32120,-0.37098,0.32391,0.87032
-0.06118,0.34988,-0.93002
0.07346,0.94539,-0.31756,-0.37508,0.32123,0.86955
-0.04805,0.32511,-0.94609
0.08044,0.94817,-0.30742,-0.38142,0.31423,0.86936
-0.07382,0.34405,-0.93246
0.07221,0.94552,-0.31745,-0.36591,0.32120,0.87346
-0.06604,0.33774,-0.92710
0.06070,0.94526,-0.32063,-0.36834,0.31976,0.87297
-0.05048,0.34890,-0.93830
0.07749,0.94736,-0.31064,-0.37570,0.31636,0.87108
-0.07673,0.33871,-0.92954
0.06725,0.94502,-0.32003,-0.36511,0.32182,0.87357
-0.10056,0.34600,-0.91591
0.05170,0.94390,-0.32615,-0.37353,0.32116,0.87025
-0.06993,0.35231,-0.93831
0.06565,0.94516,-0.31993,-0.37809,0.32027,0.86860
-0.08014,0.33871,-0.93831
0.05945,0.94435,-0.32351,-0.37020,0.32183,0.87142
-0.08986,0.34891,-0.91834
0.03898,0.94063,-0.33719,-0.34910,0.32900,0.87743
-0.07382,0.37368,-0.92273
0.06631,0.93832,-0.33935,-0.35451,0.34006,0.87102
-0.08939,0.38874,-0.93442
0.06004,0.93855,-0.33989,-0.34892,0.33876,0.87378
-0.12050,0.36349,-0.91981
0.04214,0.93812,-0.34374,-0.35041,0.33607,0.87423
-0.08646,0.35959,-0.91250
0.04065,0.94064,-0.33696,-0.35548,0.32879,0.87495
-0.11951,0.28530,-0.91493
0.03240,0.94082,-0.33735,-0.34570,0.32725,0.87943
-0.10785,0.35231,-0.89789
0.03629,0.93813,-0.34439,-0.35022,0.33470,0.87483
-0.09522,0.37417,-0.93539
0.04788,0.94269,-0.33020,-0.34967,0.32548,0.87852
-0.09618,0.33774,-0.91688
0.04459,0.94502,-0.32397,-0.37109,0.31675,0.87290
-0.15255,0.19254,-0.89641
-0.01785,0.97290,-0.23053,-0.56207,0.18092,0.80706
-0.09471,0.22751,-0.96848
0.04662,0.97384,-0.22242,-0.56870,0.20893,0.79557
-0.10589,0.21488,-0.97335
0.03806,0.97171,-0.23308,-0.55836,0.21412,0.80149
-0.12339,0.22120,-0.95680
0.03141,0.97098,-0.23709,-0.55432,0.21431,0.80424
-0.07284,0.26539,-0.99186
0.04072,0.96716,-0.25089,-0.53119,0.23363,0.81441
-0.08742,0.27218,-0.96216
0.07111,0.96089,-0.26763,-0.51501,0.26515,0.81514
-0.08888,0.27121,-0.94414
0.06369,0.96036,-0.27140,-0.47782,0.26810,0.83655
-0.08839,0.28286,-0.93635
0.06225,0.95869,-0.27755,-0.46404,0.27400,0.84237
-0.04318,0.30325,-0.95777
0.09375,0.95900,-0.26746,-0.46766,0.27958,0.83853
-0.00674,0.39456,-0.99090
0.08717,0.95762,-0.27453,-0.43992,0.28425,0.85186
-0.06020,0.31685,-0.93537
0.07624,0.95092,-0.29990,-0.41228,0.30393,0.85887
-0.06653,0.33774,-0.94658
0.08279,0.94948,-0.30271,-0.41002,0.30930,0.85803
-0.06117,0.32754,-0.93732
0.07931,0.95081,-0.29946,-0.40102,0.30545,0.86364
-0.07478,0.32317,-0.92320
0.06159,0.94987,-0.30653,-0.40410,0.30454,0.86253
-0.05777,0.33725,-0.94707
0.08239,0.94961,-0.30242,-0.40229,0.30932,0.86168
-0.08548,0.31783,-0.93782
0.06615,0.95112,-0.30165,-0.40095,0.30217,0.86483
-0.10591,0.32852,-0.92760
0.04046,0.95015,-0.30916,-0.41354,0.29759,0.86048
-0.05827,0.33240,-0.97434
0.06511,0.94926,-0.30768,-0.40825,0.30669,0.85981
-0.09180,0.31880,-0.91980
0.06041,0.94786,-0.31292,-0.39777,0.31039,0.86339
-0.09813,0.33143,-0.92613
0.03850,0.94755,-0.31729,-0.39995,0.30560,0.86409
-0.09619,0.34406,-0.93977
0.06572,0.94816,-0.31092,-0.41183,0.30959,0.85706
-0.05824,0.29839,-0.91394
0.05007,0.95112,-0.30474,-0.39262,0.29931,0.86964
-0.06410,0.24985,-1.02936
0.03182,0.95317,-0.30077,-0.37538,0.29029,0.88024
-0.10688,0.32657,-0.92272
0.02811,0.94697,-0.32009,-0.35497,0.30880,0.88240
-0.08743,0.33774,-0.92564
0.03366,0.94835,-0.31543,-0.35977,0.30595,0.88145
-0.09036,0.34892,-0.94610
0.04696,0.94997,-0.30880,-0.36026,0.30444,0.88178
-0.09278,0.33434,-0.92418
0.03711,0.94813,-0.31571,-0.35992,0.30741,0.88088
-0.11514,0.32658,-0.91883
0.01541,0.94901,-0.31487,-0.35865,0.29920,0.88423
-0.10689,0.36154,-0.93052
0.02798,0.94338,-0.33055,-0.34891,0.31909,0.88116
-0.10397,0.33920,-0.93149
0.03216,0.94440,-0.32721,-0.35161,0.31715,0.88079
-0.11417,0.33726,-0.91883
0.00765,0.94506,-0.32680,-0.34866,0.30882,0.88491
-0.11418,0.34212,-0.92711
0.01810,0.94773,-0.31855,-0.37034,0.30230,0.87833
-0.11855,0.32755,-0.94610
0.02125,0.94942,-0.31329,-0.37526,0.29802,0.87771
-0.12827,0.32658,-0.92468
0.00200,0.94802,-0.31821,-0.37323,0.29592,0.87928
-0.12390,0.34066,-0.92955
0.01158,0.94764,-0.31912,-0.38058,0.29930,0.87497
-0.13557,0.33241,-0.92614
0.00521,0.94687,-0.32158,-0.37672,0.29975,0.87649
-0.14092,0.32513,-0.92079
-0.00801,0.94749,-0.31970,-0.37727,0.29322,0.87846
-0.12342,0.33872,-0.93539
0.01309,0.94704,-0.32085,-0.38167,0.30132,0.87380
-0.12827,0.31978,-0.92516
0.00507,0.94609,-0.32386,-0.37325,0.30225,0.87711
-0.10980,0.32658,-0.92613
0.00936,0.94887,-0.31553,-0.37958,0.29529,0.87677
-0.12099,0.33532,-0.94611
0.02406,0.94811,-0.31702,-0.37938,0.30205,0.87455
-0.12147,0.32561,-0.92711
0.01360,0.94819,-0.31743,-0.37585,0.29902,0.87711
-0.09715,0.30472,-0.94171
0.02565,0.95070,-0.30905,-0.37828,0.29539,0.87729
-0.03978,0.32025,-0.94511
0.05436,0.95324,-0.29728,-0.29617,0.29972,0.90689
-0.05583,0.34211,-0.94804
0.04296,0.94842,-0.31410,-0.29222,0.31257,0.90383
-0.05485,0.33968,-0.93148
0.07933,0.94763,-0.30935,-0.33933,0.31746,0.88548
-0.05437,0.35522,-0.94122
0.08509,0.94641,-0.31156,-0.34715,0.32126,0.88107
-0.09182,0.37368,-0.92273
0.06089,0.94011,-0.33539,-0.32598,0.33632,0.88353
-0.07577,0.35668,-0.92418
0.04210,0.94096,-0.33589,-0.32441,0.33084,0.88617
-0.06118,0.37465,-0.93539
0.06636,0.93999,-0.33470,-0.31857,0.33784,0.88565
-0.07091,0.37368,-0.92078
0.05959,0.93834,-0.34054,-0.31909,0.34116,0.88419
-0.07577,0.35425,-0.93782
0.04517,0.94093,-0.33556,-0.32469,0.33150,0.88583
-0.06605,0.37076,-0.93344
0.06939,0.93916,-0.33640,-0.31788,0.34045,0.88490
-0.09084,0.37999,-0.92273
0.05127,0.93587,-0.34858,-0.32167,0.34592,0.88140
-0.08890,0.37368,-0.91591
0.04739,0.93644,-0.34762,-0.31863,0.34400,0.88325
-0.06750,0.37367,-0.90909
0.05589,0.93633,-0.34666,-0.32356,0.34545,0.88090
-0.06410,0.37173,-0.93441
0.06380,0.93708,-0.34323,-0.32211,0.34486,0.88165
-0.10592,0.37271,-0.91689
0.04374,0.93769,-0.34470,-0.32393,0.33970,0.88299
-0.16818,0.43247,-0.93883
0.04720,0.93905,-0.34053,-0.34752,0.33505,0.87577
-0.04417,0.38824,-0.93051
0.06780,0.93504,-0.34800,-0.30694,0.35144,0.88446
-0.05485,0.33385,-0.91151
0.07716,0.92250,-0.37819,-0.28838,0.38376,0.87725
-0.05584,0.40572,-0.91445
0.07446,0.92941,-0.36145,-0.28857,0.36703,0.88432
-0.03346,0.34501,-0.91589
0.06520,0.94368,-0.32438,-0.27370,0.32952,0.90361
-0.06410,0.35668,-0.93977
0.05942,0.94760,-0.31387,-0.28020,0.31762,0.90587
-0.03492,0.34307,-0.92563
0.06906,0.94742,-0.31244,-0.27530,0.31913,0.90685
-0.03492,0.35813,-0.92417
0.06801,0.94419,-0.32229,-0.27819,0.32818,0.90272
-0.02520,0.36832,-0.92466
0.07836,0.94472,-0.31838,-0.28294,0.32731,0.90156
-0.05534,0.36299,-0.91590
0.06329,0.94307,-0.32650,-0.28440,0.33064,0.89989
-0.06410,0.37125,-0.92857
0.06048,0.94356,-0.32563,-0.28861,0.32882,0.89921
-0.01304,0.37318,-0.92271
0.07619,0.94246,-0.32552,-0.28295,0.33348,0.89929
0.02051,0.34791,-0.93049
0.10437,0.94643,-0.30559,-0.29228,0.32289,0.90018
0.01954,0.34306,-0.94072
0.10859,0.94909,-0.29568,-0.30769,0.31492,0.89786
-0.00088,0.33044,-0.94997
0.10797,0.94992,-0.29326,-0.32202,0.31250,0.89367
-0.03784,0.34065,-0.96021
0.09933,0.95119,-0.29218,-0.33707,0.30844,0.88952
-0.03005,0.33336,-0.93586
0.09626,0.94994,-0.29723,-0.33625,0.31210,0.88856
-0.05825,0.33045,-0.92904
0.08077,0.95000,-0.30162,-0.35091,0.31034,0.88349
-0.03685,0.30228,-0.92757
0.07928,0.95891,-0.27242,-0.37305,0.28197,0.88393
-0.09862,0.32221,-0.95048
0.05841,0.95460,-0.29212,-0.37920,0.29190,0.87807
-0.16620,0.32416,-0.90082
-0.02786,0.94086,-0.33765,-0.35422,0.30657,0.88348
-0.17057,0.30036,-0.91105
-0.03668,0.94514,-0.32461,-0.34821,0.29238,0.89065
-0.13119,0.30376,-0.94269
-0.00636,0.95453,-0.29805,-0.39273,0.27172,0.87860
-0.15696,0.32950,-0.91543
-0.00945,0.94693,-0.32131,-0.37852,0.29402,0.87765
-0.16960,0.29259,-0.92712
-0.01486,0.95483,-0.29680,-0.38216,0.26887,0.88412
-0.11660,0.30521,-0.94610
0.00655,0.95535,-0.29541,-0.39283,0.27413,0.87780
-0.14286,0.30230,-0.94124
-0.00343,0.95598,-0.29341,-0.38661,0.26933,0.88204
-0.13459,0.30862,-0.93929
-0.00086,0.95352,-0.30132,-0.37789,0.27866,0.88292
-0.13752,0.31882,-0.94124
0.00300,0.95449,-0.29823,-0.38334,0.27655,0.88123
-0.23425,0.15809,-0.96948
-0.01096,0.95537,-0.29522,-0.39301,0.26736,0.87981
-0.12779,0.31202,-0.95244
0.02457,0.95531,-0.29457,-0.38721,0.28075,0.87821
-0.10880,0.19740,-0.96945
0.02213,0.95910,-0.28221,-0.38653,0.26853,0.88232
-0.09573,0.39749,-1.00504
0.09817,0.94822,-0.30207,-0.32136,0.31748,0.89215
-0.04318,0.34210,-0.93245
0.06784,0.94619,-0.31643,-0.32998,0.32059,0.88788
-0.03103,0.35181,-0.93537
0.05969,0.95403,-0.29370,-0.32498,0.29676,0.89795
-0.07478,0.30714,-0.93732
0.06272,0.96642,-0.24918,-0.43234,0.25134,0.86597
-0.08790,0.24595,-0.94706
0.01374,0.96897,-0.24678,-0.42152,0.22941,0.87732
-0.09813,0.29647,-0.95243
0.05771,0.96111,-0.27006,-0.42287,0.26858,0.86548
-0.11320,0.23238,-1.01573
0.03656,0.96846,-0.24647,-0.41602,0.23900,0.87739
-0.11563,0.28579,-0.94999
0.03240,0.96301,-0.26753,-0.40947,0.25697,0.87539
-0.10688,0.27365,-0.96752
0.04290,0.96376,-0.26331,-0.41231,0.25714,0.87400
-0.10784,0.26927,-0.92661
0.03284,0.96275,-0.26840,-0.40901,0.25798,0.87530
-0.12389,0.24014,-0.95973
0.00611,0.96589,-0.25887,-0.43550,0.23560,0.86881
-0.11075,0.21197,-0.96118
0.00765,0.96920,-0.24616,-0.43966,0.22436,0.86969
-0.09958,0.26247,-0.96654
0.03594,0.96426,-0.26250,-0.44144,0.25097,0.86148
-0.07916,0.31686,-0.94609
0.02812,0.96033,-0.27743,-0.42434,0.26276,0.86654
-0.10978,0.27412,-0.91103
0.02166,0.96190,-0.27255,-0.42685,0.25542,0.86750
-0.14479,0.27122,-0.90617
0.01053,0.96125,-0.27546,-0.43163,0.25286,0.86589
-0.07237,0.33726,-0.98603
0.03237,0.96698,-0.25278,-0.44311,0.24058,0.86358
-0.12244,0.28288,-0.96947
0.02592,0.96588,-0.25769,-0.44284,0.24219,0.86327
-0.10883,0.32172,-0.94805
0.00846,0.96353,-0.26747,-0.43458,0.24444,0.86683
-0.10785,0.29550,-0.95438
0.02316,0.96374,-0.26584,-0.43557,0.24907,0.86501
-0.12146,0.30326,-0.91201
0.02986,0.95399,-0.29835,-0.42887,0.28184,0.85828
-0.11514,0.31783,-0.91639
0.03449,0.95556,-0.29276,-0.42608,0.27904,0.86058
-0.11465,0.28092,-0.92077
0.02647,0.95994,-0.27894,-0.43678,0.26210,0.86054
-0.10980,0.24403,-1.01817
0.03163,0.96535,-0.25905,-0.43909,0.24625,0.86404
-0.11562,0.24596,-0.94609
0.00476,0.96975,-0.24404,-0.42822,0.22251,0.87585
-0.14722,0.25762,-0.91980
-0.00081,0.96479,-0.26300,-0.43587,0.23637,0.86842
-0.08646,0.29938,-0.96898
0.00452,0.96253,-0.27114,-0.41508,0.24849,0.87519
-0.11271,0.27413,-0.95778
0.01969,0.96460,-0.26299,-0.41059,0.24764,0.87755
-0.12049,0.29016,-0.93879
0.00491,0.96051,-0.27820,-0.40081,0.25677,0.87945
-0.09180,0.29744,-0.95486
0.02516,0.96066,-0.27659,-0.37611,0.26544,0.88774
-0.08354,0.29113,-0.97141
0.02555,0.96149,-0.27364,-0.35363,0.26473,0.89714
-0.07089,0.31394,-0.90956
0.03214,0.95980,-0.27883,-0.33362,0.27327,0.90223
-0.08256,0.30763,-0.92272
0.03453,0.95531,-0.29359,-0.34152,0.28736,0.89487
-0.04416,0.33676,-0.94706
0.07774,0.95482,-0.28683,-0.37139,0.29473,0.88045
-0.04514,0.37513,-0.93879
0.07025,0.95759,-0.27943,-0.37101,0.28511,0.88378
-0.01206,0.29742,-0.98016
0.03813,0.96441,-0.26163,-0.37075,0.25679,0.89253
-0.05096,0.29014,-0.95144
0.04471,0.96703,-0.25071,-0.39044,0.24792,0.88662
-0.06944,0.29355,-0.97336
0.04711,0.96365,-0.26299,-0.38614,0.26038,0.88493
-0.02518,0.26149,-0.97432
0.04317,0.96522,-0.25784,-0.38777,0.25404,0.88606
-0.06797,0.28820,-0.92271
0.05623,0.96254,-0.26525,-0.36865,0.26691,0.89042
-0.05631,0.29063,-0.95680
0.05630,0.96265,-0.26484,-0.36726,0.26663,0.89108
-0.06459,0.28773,-1.02011
0.05386,0.96491,-0.25702,-0.36873,0.25842,0.89289
-0.05146,0.29307,-1.01037
0.03456,0.96543,-0.25835,-0.37282,0.25230,0.89295
-0.09715,0.30812,-0.94610
0.02786,0.96445,-0.26280,-0.38037,0.25335,0.88946
-0.07624,0.28287,-0.96946
0.04213,0.96550,-0.25697,-0.39349,0.25245,0.88399
-0.06846,0.29063,-0.95583
0.03323,0.96477,-0.26100,-0.40250,0.25194,0.88007
-0.11368,0.26927,-0.94414
0.02527,0.95625,-0.29145,-0.45320,0.27082,0.84927
-0.30232,0.24016,-0.85993
-0.16606,0.93484,-0.31385,-0.48218,0.20065,0.85279
-0.28581,0.30330,-0.90913
-0.12988,0.94003,-0.31538,-0.44428,0.22918,0.86608
-0.22794,0.26153,-0.92761
-0.07830,0.95117,-0.29856,-0.44767,0.23405,0.86303
-0.17105,0.26637,-0.94172
-0.05384,0.95578,-0.28911,-0.44285,0.23664,0.86480
-0.16620,0.30231,-0.95342
-0.01056,0.95897,-0.28330,-0.45008,0.24843,0.85773
-0.16182,0.27900,-0.93637
-0.02530,0.95704,-0.28886,-0.43540,0.24956,0.86496
-0.15452,0.26151,-0.92272
-0.01798,0.95863,-0.28409,-0.43429,0.24844,0.86583
-0.12049,0.29016,-0.95340
0.01146,0.95815,-0.28602,-0.43645,0.26215,0.86069
-0.09714,0.27315,-0.92953
0.00453,0.96082,-0.27712,-0.42708,0.25244,0.86826
-0.08548,0.27413,-0.96411
0.05509,0.95688,-0.28522,-0.44174,0.27953,0.85248
0.01029,0.52371,-0.83166
0.16340,0.88729,-0.43129,-0.26712,0.46062,0.84645
-0.01061,0.35764,-0.95680
0.12539,0.93663,-0.32712,-0.33232,0.35032,0.87569
-0.01741,0.32510,-0.92221
0.09240,0.95275,-0.28938,-0.30683,0.30372,0.90200
-0.00380,0.37123,-0.90712
0.10091,0.94287,-0.31751,-0.28769,0.33316,0.89791
0.00252,0.34307,-0.94997
0.11395,0.95440,-0.27594,-0.33693,0.29841,0.89299
-0.02420,0.24497,-0.96214
0.11113,0.96533,-0.23618,-0.42107,0.26100,0.86866
0.02734,0.25224,-0.96553
0.10356,0.96999,-0.21998,-0.40582,0.24313,0.88102
-0.00038,0.27265,-0.94850
0.09328,0.96273,-0.25386,-0.30729,0.27036,0.91240
0.06869,0.11092,-1.02491
0.13502,0.97544,-0.17405,-0.46874,0.21764,0.85610
0.04970,0.25952,-0.96748
0.19046,0.96112,-0.19995,-0.53387,0.27233,0.80051
0.05067,0.25613,-0.98111
0.18699,0.96139,-0.20190,-0.52411,0.27147,0.80723
-0.00668,0.17212,-0.97868
0.14346,0.97296,-0.18102,-0.53878,0.23021,0.81038
0.02296,0.24496,-0.96943
0.11781,0.97148,-0.20579,-0.49524,0.23710,0.83577
-0.01254,0.22846,-0.98405
0.12232,0.96996,-0.21028,-0.51830,0.24312,0.81991
0.03804,0.27361,-0.93729
0.14787,0.96415,-0.22035,-0.48961,0.26495,0.83071
0.04825,0.26244,-0.95676
0.16142,0.96601,-0.20192,-0.50699,0.25671,0.82283
0.02296,0.26245,-0.97236
0.14632,0.96300,-0.22631,-0.49814,0.26938,0.82419
-0.00767,0.28284,-0.93243
0.13877,0.95784,-0.25155,-0.49594,0.28707,0.81953
0.00154,0.36347,-0.95533
0.16941,0.95032,-0.26112,-0.52295,0.31125,0.79350
0.01372,0.28915,-0.94119
0.14759,0.95673,-0.25075,-0.53883,0.29038,0.79079
-0.02421,0.27363,-0.96604
0.15142,0.96264,-0.22450,-0.58924,0.27026,0.76142
-0.00720,0.30033,-0.96409
0.17720,0.95741,-0.22796,-0.59313,0.28872,0.75155
-0.00573,0.26148,-0.96506
0.16729,0.96032,-0.22316,-0.60534,0.27871,0.74557
-0.02615,0.25711,-0.96652
0.15172,0.95997,-0.23547,-0.63104,0.27743,0.72444
0.00787,0.24692,-1.01911
0.16274,0.96058,-0.22539,-0.63006,0.27697,0.72547
-0.29347,-0.13866,-0.85450
-0.10387,0.97825,-0.17954,-0.71814,0.05112,0.69401
-0.04503,-0.08236,-0.94893
-0.08138,0.98906,-0.12306,-0.78291,0.01298,0.62200
0.17909,0.41582,-0.65286
0.63271,0.77426,0.01402,-0.75442,0.61221,0.23672
-0.22932,-0.09786,-0.97138
-0.07089,0.99420,-0.08083,-0.99434,-0.06400,0.08487
0.08138,-0.18193,-1.10132
-0.08529,0.99615,0.02049,-0.97609,-0.08766,0.19889
-0.00859,-0.32222,-1.29271
-0.02558,0.99945,-0.02109,-0.93751,-0.01666,0.34755
0.15476,0.21918,-0.90267
0.44626,0.89045,-0.08919,-0.86017,0.45431,0.23175
0.13856,0.40139,-1.34005
0.28732,0.95784,-0.00120,-0.93953,0.28207,0.19421
0.02973,0.52856,-0.83020
0.32276,0.94630,0.01830,-0.94099,0.31875,0.11372
-0.05129,-0.38492,-0.98589
-0.14246,0.98911,0.03707,-0.98710,-0.14473,0.06848
0.13143,0.02397,-1.04826
0.05471,0.99441,0.09034,-0.97665,0.07212,-0.20236
0.10466,0.00118,-1.18317
0.07542,0.98787,0.13570,-0.93265,0.11804,-0.34092
0.20333,0.50569,-0.83404
0.16031,0.91683,0.36568,-0.73410,0.35840,-0.57675
-0.28192,0.30136,-0.90913
0.35695,0.83002,0.42854,-0.28278,0.53325,-0.79729
0.36042,0.24489,-1.00831
0.19555,0.92298,0.33147,-0.64813,0.37529,-0.66264
0.06091,0.11189,-1.03320
-0.02428,0.99158,0.12722,-0.74362,0.06714,-0.66522
-0.01556,0.73645,-0.91158
0.18195,0.93396,0.30760,-0.53571,0.35647,-0.76547
0.15435,0.40898,-0.43517
0.29845,0.90709,0.29683,-0.66751,0.42067,-0.61438
-0.04520,0.56649,-0.99142
0.18549,0.94685,0.26280,-0.62794,0.31993,-0.70946
0.16559,-0.24757,-0.81345
0.19791,0.92265,0.33097,-0.55248,0.38390,-0.73985
0.07743,0.50036,-0.70599
0.08796,0.83571,0.54209,-0.38619,0.53024,-0.75478
0.08225,0.29741,-1.04102
-0.05964,0.90692,0.41705,0.06800,0.42052,-0.90473
0.03992,0.40233,-1.05468
-0.12331,0.90523,0.40663,0.27386,0.42489,-0.86283
0.27146,0.20847,-0.93089
-0.41819,0.85451,0.30812,0.59379,0.51385,-0.61917
0.03856,0.53627,-0.52678
-0.54246,0.83618,0.08088,0.83968,0.54266,0.02137
0.21943,0.42408,-0.73224
-0.10921,0.94640,-0.30399,0.46805,0.31875,0.82421
-0.11276,0.49948,-0.95490
-0.02948,0.86114,-0.50752,0.02022,0.50815,0.86103
0.21832,0.44700,-1.24848
0.29141,0.88933,-0.35237,-0.21229,0.41929,0.88268
0.01030,0.55623,-0.74157
0.28709,0.91987,-0.26725,-0.33741,0.35822,0.87054
0.08180,0.24592,-0.96747
0.15910,0.96948,-0.18656,-0.34024,0.23124,0.91147
-0.04412,0.28672,-0.82919
0.21650,0.96803,-0.12670,-0.56382,0.22992,0.79325
0.44257,0.55419,-0.79454
0.31474,0.94840,0.03838,-0.84987,0.26357,0.45635
-0.00768,0.48533,-0.77516
0.47809,0.87788,0.02767,-0.85307,0.45662,0.25253
0.17463,0.32022,-1.08434
0.27692,0.96029,0.03395,-0.93308,0.26030,0.24820
-0.01015,0.07020,-1.32931
0.12527,0.99181,0.02502,-0.95150,0.11296,0.28616
0.00357,0.00990,-0.95137
0.06505,0.99620,-0.05799,-0.95604,0.07887,0.28244
-0.11603,0.24397,-0.67628
0.39103,0.91003,-0.13760,-0.90886,0.40538,0.09822
-0.23682,0.54083,-1.15803
0.14196,0.98704,-0.07484,-0.98004,0.15078,0.12956
0.10563,0.10218,-1.10575
-0.10773,0.99387,-0.02499,-0.88841,-0.08495,0.45112
0.10463,0.49017,-0.82773
0.31847,0.94787,0.01062,-0.87030,0.28793,0.39959
1.34092,-0.51494,-0.94558
0.52438,0.51880,0.67518,-0.66624,-0.24379,0.70476
0.30448,0.44983,-0.88466
0.25278,0.92684,0.27762,-0.96243,0.21147,0.17030
-0.06395,-0.13143,-0.83545
0.22487,0.97343,-0.04332,-0.95528,0.21148,-0.20667
-1.85371,1.57943,-0.43784
0.59438,0.67527,-0.43671,-0.80230,0.46076,-0.37951
0.33125,-0.28585,-1.47819
0.25233,0.94637,-0.20178,-0.68798,0.32210,0.65034
0.21130,-0.16697,-0.75940
0.17001,0.98186,0.08394,-0.09529,-0.06840,0.99310
-0.74352,0.93283,-0.86310
0.03594,0.99827,0.04655,0.23650,-0.05375,0.97014
0.20871,0.33961,-0.89878
0.16706,0.96467,-0.20374,0.31672,0.14319,0.93765
0.04383,0.50039,-0.86574
-0.05385,0.91435,-0.40133,0.17123,0.40441,0.89840
0.01223,0.59461,-0.78248
-0.12761,0.88819,-0.44141,0.19759,0.45889,0.86624
-0.01549,0.55722,-0.82437
-0.13608,0.89588,-0.42294,0.19380,0.44273,0.87546
-0.03008,0.54800,-0.82583
-0.14570,0.89754,-0.41617,0.17595,0.43746,0.88186
0.01028,0.52371,-0.84627
-0.13341,0.90952,-0.39366,0.17531,0.41260,0.89388
-0.04516,0.53975,-0.84483
-0.13942,0.90635,-0.39885,0.15509,0.41780,0.89520
-0.02716,0.51110,-0.86186
-0.12048,0.91757,-0.37887,0.15820,0.39452,0.90517
-0.05828,0.53441,-0.82389
-0.13955,0.91140,-0.38713,0.13968,0.40516,0.90351
-0.01206,0.38677,-0.87742
-0.14276,0.94276,-0.30139,0.26045,0.32955,0.90750
0.01465,0.49652,-0.90617
-0.26702,0.93050,-0.25073,0.51921,0.35810,0.77601
0.14205,0.41054,-0.96943
-0.24798,0.95156,-0.18176,0.66639,0.30374,0.68093
-0.11418,0.47614,-0.81853
-0.27035,0.95299,-0.13680,0.49962,0.26033,0.82620
-0.10108,0.50529,-0.89987
-0.07527,0.98256,-0.17001,0.24386,0.18346,0.95230
0.12650,0.21631,-1.13060
0.03040,0.99949,-0.01029,0.31273,0.00027,0.94984
-0.10789,0.48830,-0.91350
-0.08052,0.96828,-0.23653,0.21415,0.24856,0.94465
-0.14916,0.21100,-0.93343
-0.13452,0.98069,-0.14193,0.37586,0.18303,0.90842
0.33551,0.24983,-1.41692
-0.02088,0.98326,-0.18100,0.61284,0.15562,0.77473
0.09783,0.45618,-0.82091
-0.17170,0.96214,-0.21169,0.77390,0.26470,0.57534
0.09628,0.74711,-0.91788
0.02415,0.95516,-0.29512,0.57864,0.22737,0.78325
-0.00678,0.45285,-1.07126
-0.17597,0.97279,-0.15072,0.79921,0.23057,0.55507
0.17711,0.30562,-0.89245
-0.21577,0.96597,-0.14267,0.81023,0.25866,0.52595
0.07399,0.36636,-0.95142
-0.23404,0.96816,-0.08886,0.77275,0.24071,0.58730
0.07599,0.13956,-0.96258
-0.09035,0.99591,0.00133,0.71187,0.06365,0.69942
0.05895,0.23766,-0.93630
-0.18118,0.97542,0.12543,0.97737,0.16443,0.13309
-0.04957,0.52959,-1.01577
-0.25076,0.80418,0.53891,0.26801,0.59260,-0.75960
0.17902,0.20707,-1.13059
-0.21771,0.95524,0.20029,-0.21245,0.15391,-0.96497
-0.04076,0.22848,-1.06831
0.01097,0.90341,0.42864,-0.14270,0.42569,-0.89354
-0.10444,0.54265,-0.67439
0.16177,0.90691,0.38904,-0.41813,0.42008,-0.80542
-0.05820,-0.03232,-1.06291
0.10243,0.97858,0.17856,-0.58848,0.20433,-0.78227
0.01578,-0.25090,-0.98833
0.03170,0.98944,0.14140,-0.80886,0.10851,-0.57791
0.26806,0.37987,-0.72735
0.19437,0.91787,0.34603,-0.72206,0.37265,-0.58289
0.14552,0.22112,-0.91095
0.20303,0.96048,0.19042,-0.93190,0.24923,-0.26353
0.12798,0.44403,-0.82480
0.47374,0.87816,0.06647,-0.88051,0.47085,0.05484
0.07052,0.69223,-0.89548
0.55975,0.81864,-0.12848,-0.73382,0.56172,0.38207
-0.07483,0.20618,-1.21783
0.07580,0.99665,-0.03079,-0.72046,0.07609,0.68931
-0.27996,0.15422,-0.97777
-0.09246,0.99566,0.01068,-0.47297,-0.05335,0.87946
0.06102,0.28370,-0.43322
-0.04092,0.97364,-0.22437,-0.29918,0.20232,0.93250
0.32049,0.34691,-1.11792
-0.09698,0.99313,-0.06546,0.65437,0.11318,0.74766
0.41701,-0.10051,-0.59085
-0.10524,0.99080,-0.08511,0.93359,0.12792,0.33472
0.07889,0.57368,-0.62516
-0.24443,0.96702,0.07164,0.94929,0.22357,0.22107
0.08050,-0.27959,-0.84513
-0.06182,0.98703,0.14814,0.93903,0.10781,-0.32651
0.27937,0.34044,-0.27148
-0.61814,0.70881,0.33983,0.58527,0.70361,-0.40299
0.04092,0.60770,-0.74547
-0.54489,0.78249,0.30135,0.72873,0.61969,-0.29144
0.14510,0.83678,-0.06025
-0.84980,0.27149,0.45181,0.21264,0.96088,-0.17744
-0.00814,0.46249,-0.67435
-0.53952,0.75975,0.36290,0.66292,0.64903,-0.37322
0.19604,0.17988,-1.16662
-0.32263,0.91646,0.23666,0.82220,0.39523,-0.40961
0.15410,-0.59634,-0.46517
0.04109,0.99162,-0.12250,0.69268,-0.11662,-0.71175
0.02148,0.50622,-0.81461
-0.43485,0.81313,0.38695,0.67254,0.57900,-0.46091
0.12174,-0.02024,-0.94257
-0.08107,0.99358,0.07889,0.87874,0.10861,-0.46478
-0.03437,0.17793,-0.85255
-0.11285,0.94928,0.29348,0.93112,0.20413,-0.30224
0.03902,0.53629,-0.64464
-0.45891,0.87117,0.17452,0.85071,0.48751,-0.19653
0.06524,0.36830,-0.93486
-0.36829,0.92297,0.11172,0.92944,0.36260,0.06829
0.10706,0.40763,-0.90808
-0.37310,0.92779,0.00243,0.90175,0.36201,0.23622
0.10220,0.39257,-0.90710
-0.36477,0.93102,-0.01215,0.89678,0.35480,0.26439
0.08372,0.38481,-0.92658
-0.36233,0.93195,0.01346,0.90138,0.34670,0.25944
0.07788,0.40423,-0.91587
-0.37889,0.92519,0.02136,0.89569,0.36081,0.25991
0.07497,0.40132,-0.89347
-0.36831,0.92970,-0.00283,0.88647,0.35210,0.30032
-0.01837,0.41104,-0.80583
-0.40428,0.90749,0.11411,0.90126,0.37400,0.21874
-0.71219,0.25771,-0.65354
0.05155,0.76387,0.64331,0.87428,0.27682,-0.39875
-0.10867,-0.23875,-0.84567
0.16999,0.94861,0.26692,0.39729,0.18191,-0.89949
0.34926,0.59351,-0.57542
-0.34206,0.86517,0.36671,0.17090,0.44102,-0.88108
0.68177,0.52551,-0.97468
-0.63730,0.77009,-0.02858,0.74029,0.60149,-0.30029
0.35267,0.39636,-0.72879
-0.23713,0.87978,-0.41202,0.88589,0.36989,0.27996
0.42370,0.59443,-0.37523
-0.50018,0.77647,-0.38329,0.56201,0.62784,0.53848
0.05177,-0.27373,-0.99368
0.12007,0.95662,0.26543,0.74455,-0.26362,0.61331
-0.09272,0.32410,-0.70795
-0.08082,0.95249,0.29367,0.99594,0.06545,0.06181
-0.04219,0.30130,-0.88715
-0.24594,0.90738,0.34084,0.87711,0.35800,-0.32017
0.23888,0.14972,-0.98933
0.02354,0.99931,-0.02884,0.81247,-0.00231,0.58300
0.11970,0.51203,-0.82920
0.21145,0.96563,-0.15115,-0.08961,0.17315,0.98081
0.14647,0.43382,-0.79362
0.32856,0.92863,-0.17232,-0.44744,0.31372,0.83748
0.16740,0.12935,-1.01807
0.19811,0.98010,0.01250,-0.68795,0.12995,0.71403
0.32882,0.61198,-0.61974
0.48405,0.87119,0.08201,-0.84175,0.43797,0.31566
-0.22707,0.17177,-1.39611
0.38891,0.92050,-0.03788,-0.91873,0.39056,0.05832
-0.08310,0.49753,-0.95587
0.35408,0.93474,0.02976,-0.92873,0.35519,-0.10635
0.15559,0.56161,-1.12189
0.44667,0.81272,0.37414,-0.69323,0.57874,-0.42953
-0.07086,0.72180,-0.39973
0.38185,0.67976,0.62619,-0.41251,0.73165,-0.54270
0.10405,0.43343,-1.24851
0.19187,0.94701,0.25761,-0.60284,0.32085,-0.73051
-0.07384,0.41302,-0.94562
0.17151,0.90575,0.38755,-0.27973,0.42196,-0.86238
0.24715,0.22741,-0.87879
-0.02333,0.97917,0.20171,-0.47193,0.16708,-0.86566
-0.01928,0.16334,-0.78679
-0.04791,0.98614,0.15885,-0.09921,0.15355,-0.98315
0.06142,0.13906,-0.89976
-0.06493,0.97304,0.22132,-0.08473,0.21561,-0.97280
0.11807,0.24023,-1.77201
-0.14341,0.98304,0.11428,-0.42771,0.04257,-0.90291
0.00842,0.35759,-0.69332
0.16794,0.91355,0.37043,-0.33299,0.40626,-0.85093
0.15377,0.29640,-0.91194
-0.02257,0.93666,0.34952,-0.42218,0.30797,-0.85259
0.19753,0.26434,-0.95137
-0.08429,0.94752,0.30837,-0.37652,0.25624,-0.89027
0.22575,0.19343,-0.94891
-0.10276,0.95710,0.27094,-0.43431,0.20188,-0.87785
0.16206,0.14974,-0.96207
-0.06491,0.97857,0.19539,-0.55868,0.12660,-0.81967
0.17131,0.09728,-0.96401
-0.09366,0.98438,0.14910,-0.57148,0.06948,-0.81767
0.15912,0.20267,-0.96744
-0.04161,0.96990,0.23991,-0.52090,0.18384,-0.83359
0.18100,0.21384,-0.97474
-0.02936,0.96138,0.27364,-0.54513,0.21407,-0.81056
0.20628,0.26871,-0.95770
-0.00227,0.95202,0.30603,-0.54396,0.25561,-0.79923
0.15036,0.30126,-0.91973
0.01679,0.94752,0.31926,-0.53963,0.27740,-0.79489
0.17224,0.29543,-0.93726
0.02859,0.94420,0.32813,-0.55055,0.28886,-0.78324
0.16640,0.30320,-0.93970
0.03303,0.94321,0.33056,-0.54789,0.29370,-0.78330
0.18001,0.29203,-0.95966
0.01825,0.94346,0.33099,-0.55245,0.28544,-0.78315
0.13334,0.29641,-0.94311
0.02621,0.94088,0.33772,-0.50692,0.30369,-0.80672
0.17174,0.46830,-0.83648
-0.07586,0.87108,0.48525,-0.13411,0.47331,-0.87063
0.12800,0.10460,-1.08090
-0.14708,0.97924,0.13952,0.30239,0.17882,-0.93626
-0.07175,-0.05615,-0.83206
-0.07234,0.98702,0.14340,0.63679,0.15637,-0.75501
-0.00963,0.45426,-0.81948
-0.41481,0.87200,0.25991,0.77103,0.48853,-0.40848
0.29040,0.50323,-0.74051
-0.69723,0.71547,0.04435,0.71577,0.69824,-0.01155
0.28990,0.54985,-0.76244
-0.11147,0.86217,-0.49420,0.46372,0.48496,0.74147
0.07753,-0.01492,-0.79745
0.08549,0.95556,0.28212,0.69649,-0.25979,0.66888
-0.02620,0.28288,-1.12237
0.20045,0.97142,-0.12711,-0.24482,0.17530,0.95359
-0.24063,0.11929,-1.25925
-0.09697,0.98718,-0.12681,-0.60526,0.04266,0.79489
-0.07381,0.23285,-1.01475
0.35604,0.78305,-0.50996,-0.86505,0.48259,0.13707
-0.07864,0.05511,-1.05952
-0.04229,0.99905,0.01012,-0.37753,-0.02536,0.92565
0.07598,0.19541,-0.95090
0.20239,0.97866,-0.03552,-0.59313,0.15137,0.79075
0.11148,0.08905,-1.03123
0.19116,0.98095,0.03456,-0.73345,0.11935,0.66918
0.14942,0.11089,-0.99129
0.18820,0.98148,0.03562,-0.76297,0.12327,0.63458
0.10176,0.15412,-0.94163
0.19841,0.98007,-0.00987,-0.73832,0.15608,0.65615
0.18006,0.11039,-0.93868
0.19713,0.98005,0.02546,-0.53713,0.08624,0.83908
0.18531,0.19495,-1.26792
0.22133,0.97284,-0.06784,-0.48898,0.17089,0.85539
0.18199,0.10992,-1.02927
0.28277,0.95779,-0.05183,-0.48926,0.19050,0.85108
0.29627,0.29392,-0.81937
0.33753,0.93888,-0.06769,-0.50701,0.24192,0.82730
-0.15793,0.18965,-1.03765
0.30542,0.94515,-0.11581,-0.26729,0.20182,0.94224
0.30547,0.20460,-1.04192
0.40189,0.91558,0.01430,-0.26874,0.10300,0.95769
0.30017,0.19339,-0.84565
0.37785,0.92504,-0.03907,-0.07530,0.07276,0.99450
0.55402,0.08260,-0.86017
0.37108,0.92559,-0.07467,0.00413,0.07876,0.99688
0.28697,0.10459,-1.22746
0.38724,0.91334,0.12590,0.01574,-0.14308,0.98959
-0.15843,0.10469,-1.18033
0.20756,0.97793,0.02386,-0.12500,0.00233,0.99215
0.62426,0.00267,-2.00634
0.20890,0.96825,0.13729,0.12164,-0.16502,0.97876
-0.01304,0.19060,-1.09118
-0.27758,0.95359,0.11671,0.39275,0.00177,0.91964
-0.34700,0.00269,-0.87987
-0.27745,0.95943,0.05021,-0.17200,-0.10102,0.97990
-0.17245,0.02645,-0.91879
-0.09595,0.99537,0.00563,-0.38088,-0.04194,0.92367
0.18261,-0.26991,-0.83536
0.21393,0.94357,0.25279,-0.25480,-0.19593,0.94694
0.35658,-0.04553,-1.07010
0.19534,0.96391,0.18088,-0.24746,-0.13002,0.96014
-0.02707,0.07061,-0.94408
0.05457,0.99210,0.11299,-0.01416,-0.11238,0.99356
-0.11461,0.04006,-1.02641
0.01912,0.98909,0.14608,0.86736,-0.08909,0.48965
0.11103,-0.13385,-1.11057
0.11951,0.98211,0.14550,0.96684,-0.14843,0.20780
0.28451,0.61204,-0.84817
-0.29763,0.82630,0.47816,0.84665,0.45989,-0.26773
0.14476,-0.59626,-0.87232
0.15687,0.95824,0.23911,0.97636,-0.11402,-0.18362
-0.12339,0.17118,-0.99673
-0.07039,0.93584,0.34532,0.96060,0.15691,-0.22942
-0.05044,0.11483,-1.01131
-0.06097,0.95975,0.27415,0.96296,0.12884,-0.23686
0.15037,-0.17461,-1.33166
-0.07995,0.98362,0.16154,0.99596,0.07218,0.05339
0.29572,0.43575,-0.92118
-0.30333,0.95167,0.04821,0.92056,0.27960,0.27275
-0.00469,-0.07168,-1.01467
-0.02318,0.99590,0.08748,-0.40785,-0.08931,0.90867
-0.05766,-0.05615,-0.87053
-0.02828,0.99421,0.10367,-0.47553,-0.10461,0.87346
-0.07385,-0.15801,-1.54357
0.05596,0.99078,0.12336,-0.53122,-0.07507,0.84390
-0.27121,0.33243,-0.83267
-0.04523,0.99592,-0.07804,-0.40355,0.05324,0.91341
-0.34880,-0.63838,-0.92260
-0.14544,0.97067,0.19143,-0.49186,-0.23882,0.83728
-0.08782,0.07789,-0.80968
-0.12811,0.99033,0.05315,-0.36761,-0.09720,0.92488
-0.01342,-0.26884,-1.10863
-0.00774,0.95667,0.29106,-0.44928,-0.26336,0.85369
0.12081,-0.31939,-1.05988
0.02115,0.96187,0.27270,-0.19516,-0.26355,0.94470
0.30898,-0.16452,-0.97318
0.07370,0.96137,0.26520,-0.13168,-0.25422,0.95814
0.14214,-0.31497,-1.33651
0.09304,0.96406,0.24885,0.01354,-0.25114,0.96786
-0.13413,0.64465,-0.70363
-0.06261,0.96702,-0.24687,-0.03323,0.24520,0.96890
-0.34555,-0.17697,-1.07464
-0.06942,0.99575,0.06045,-0.57801,-0.08953,0.81110
0.02148,0.36055,-0.95874
0.04730,0.99279,-0.11012,-0.99208,0.03384,-0.12097
-0.36162,0.07215,-0.93881
0.09348,0.98227,-0.16251,-0.88048,0.00537,-0.47405
0.59986,-0.29237,-0.73054
-0.09293,0.99474,0.04315,-0.73735,-0.09788,0.66838
0.13439,0.01860,-0.88998
-0.05151,0.99676,0.06170,-0.19632,-0.07068,0.97799
-0.17049,0.02401,-0.85060
-0.13425,0.98630,0.09591,0.03644,-0.09181,0.99511
0.24631,-0.34761,-0.91569
0.18614,0.88112,0.43472,-0.31658,-0.36507,0.87550
0.60812,-0.25449,-0.71058
0.32335,0.82561,0.46241,-0.66917,-0.14601,0.72862
0.68673,0.66674,-0.46333
0.88414,0.44962,0.12701,-0.46143,0.79766,0.38837
-0.36056,0.86745,0.19920
0.79164,-0.14273,-0.59409,-0.03047,0.96190,-0.27171
0.25294,0.52753,-0.78923
0.45779,0.76261,-0.45701,0.08171,0.47577,0.87577
0.33215,0.78199,-0.75224
0.60812,0.71951,-0.33541,-0.29316,0.59619,0.74741
0.22816,0.57559,-0.64898
0.57206,0.67398,-0.46744,-0.25651,0.68832,0.67854
0.38909,0.88682,-0.42984
0.41713,0.38089,-0.82518,-0.01225,0.91022,0.41395
0.23736,0.56542,-0.84379
0.58856,0.76024,-0.27502,-0.61937,0.64265,0.45098
